147 228 180 186 210 168
228 321 262 272 296 254
180 262 218 222 246 202
228 262 180 254 222 210
321 414 382 370 390 348
414 495 464 456 476 434
382 464 426 422 442 398
414 464 382 434 422 390
218 325 266 270 300 250
325 426 378 374 394 344
266 378 329 327 340 304
325 378 266 344 327 300
321 382 262 348 323 296
382 426 325 398 374 352
262 325 218 292 270 246
382 325 262 352 292 323
147 180 104 168 140 124
180 218 136 202 176 156
104 136 60 112 90 80
180 136 104 156 112 140
218 266 184 250 226 206
266 329 242 304 288 258
184 242 164 214 198 172
266 242 184 258 214 226
60 108 44 84 72 52
108 164 100 132 128 96
44 100 48 64 68 40
108 100 44 96 64 72
218 184 136 206 160 176
184 164 108 172 132 144
136 108 60 116 84 90
184 108 136 144 116 160
48 100 99 68 86 67
100 164 148 128 152 120
99 148 163 119 151 127
100 148 99 120 119 86
164 242 238 198 234 194
242 329 333 288 331 284
238 333 336 280 335 276
242 333 238 284 280 234
163 237 241 193 233 197
237 336 332 275 334 279
241 332 328 283 330 287
237 332 241 279 283 233
164 238 148 194 190 152
238 336 237 276 275 230
148 237 163 189 193 151
238 237 148 230 189 190
329 402 333 356 360 331
402 480 406 446 450 410
333 406 336 364 368 335
402 406 333 410 364 360
480 544 496 516 524 492
544 596 543 576 575 556
496 543 479 523 515 491
544 543 496 556 523 524
336 405 332 367 363 334
405 479 401 449 445 409
332 401 328 359 355 330
405 401 332 409 359 363
480 496 406 492 454 450
496 479 405 491 449 453
406 405 336 412 367 368
496 405 406 453 412 454
329 378 402 340 386 356
378 426 460 394 438 418
402 460 480 430 472 446
378 460 402 418 430 386
426 464 508 442 488 468
464 495 540 476 520 504
508 540 584 532 564 554
464 540 508 504 532 488
480 536 544 512 548 516
536 584 600 560 592 572
544 600 596 580 604 576
536 600 544 572 580 548
426 508 460 468 484 438
508 584 536 554 560 528
460 536 480 500 512 472
508 536 460 528 500 484
596 600 628 604 622 614
600 584 626 592 608 618
628 626 641 634 638 640
600 626 628 618 634 622
584 540 595 564 568 588
540 495 538 520 518 550
595 538 582 566 562 586
540 538 595 550 566 568
641 624 627 636 632 639
624 582 598 606 590 616
627 598 593 620 602 613
624 598 627 616 620 632
584 595 626 588 612 608
595 582 624 586 606 610
626 624 641 630 636 638
595 624 626 610 630 612
596 628 599 614 621 603
628 641 625 640 637 633
599 625 583 617 607 591
628 625 599 633 617 621
641 627 623 639 631 635
627 593 597 613 601 619
623 597 581 615 589 605
627 597 623 619 615 631
583 594 539 587 567 563
594 581 537 585 561 565
539 537 494 549 517 519
594 537 539 565 549 567
641 623 625 635 629 637
623 581 594 605 585 609
625 594 583 611 587 607
623 594 625 609 611 629
328 401 377 355 385 339
401 479 459 445 471 429
377 459 425 417 437 393
401 459 377 429 417 385
479 543 535 515 547 511
543 596 599 575 603 579
535 599 583 571 591 559
543 599 535 579 571 547
425 507 463 467 487 441
507 583 539 553 563 531
463 539 494 503 519 475
507 539 463 531 503 487
479 535 459 511 499 471
535 583 507 559 553 527
459 507 425 483 467 437
535 507 459 527 483 499
328 377 265 339 326 303
377 425 324 393 373 343
265 324 217 299 269 249
377 324 265 343 299 326
425 463 381 441 421 397
463 494 413 475 455 433
381 413 320 389 369 347
463 413 381 433 389 421
217 261 179 245 221 201
261 320 227 295 271 253
179 227 146 209 185 167
261 227 179 253 209 221
425 381 324 397 351 373
381 320 261 347 295 322
324 261 217 291 245 269
381 261 324 322 291 351
146 227 177 185 207 165
227 320 259 271 293 251
177 259 215 219 243 199
227 259 177 251 219 207
320 413 379 369 387 345
413 494 461 455 473 431
379 461 423 419 439 395
413 461 379 431 419 387
215 316 263 267 297 247
316 423 375 371 391 341
263 375 312 314 337 301
316 375 263 341 314 297
320 379 259 345 318 293
379 423 316 395 371 349
259 316 215 289 267 243
379 316 259 349 289 318
312 375 399 337 383 353
375 423 457 391 435 415
399 457 477 427 469 443
375 457 399 415 427 383
423 461 505 439 485 465
461 494 537 473 517 501
505 537 581 529 561 551
461 537 505 501 529 485
477 533 541 509 545 513
533 581 597 557 589 569
541 597 593 577 601 573
533 597 541 569 577 545
423 505 457 465 481 435
505 581 533 551 557 525
457 533 477 497 509 469
505 533 457 525 497 481
312 399 308 353 357 310
399 477 403 443 447 407
308 403 305 361 365 306
399 403 308 407 361 357
477 541 493 513 521 489
541 593 542 573 574 555
493 542 478 522 514 490
541 542 493 555 522 521
305 404 309 366 362 307
404 478 400 448 444 408
309 400 313 358 354 311
404 400 309 408 358 362
477 493 403 489 451 447
493 478 404 490 448 452
403 404 305 411 366 365
493 404 403 452 411 451
312 308 239 310 281 285
308 305 235 306 273 277
239 235 161 231 191 195
308 235 239 277 231 281
305 309 236 307 278 274
309 313 240 311 286 282
236 240 162 232 196 192
309 240 236 282 232 278
161 145 97 149 117 125
145 162 98 150 126 118
97 98 45 85 66 65
145 98 97 118 85 117
305 236 235 274 229 273
236 162 145 192 150 188
235 145 161 187 149 191
236 145 235 188 187 229
45 98 42 66 62 38
98 162 106 126 130 94
42 106 58 70 82 50
98 106 42 94 70 62
162 240 182 196 212 170
240 313 264 286 302 256
182 264 216 224 248 204
240 264 182 256 224 212
58 134 102 88 110 78
134 216 178 174 200 154
102 178 147 138 166 122
134 178 102 154 138 110
162 182 106 170 142 130
182 216 134 204 174 158
106 134 58 114 88 82
182 134 106 158 114 142
147 178 228 166 208 186
178 216 260 200 244 220
228 260 321 252 294 272
178 260 228 220 252 208
216 264 317 248 298 268
264 313 376 302 338 315
317 376 424 342 392 372
264 376 317 315 342 298
321 380 414 346 388 370
380 424 462 396 440 420
414 462 495 432 474 456
380 462 414 420 432 388
216 317 260 268 290 244
317 424 380 372 396 350
260 380 321 319 346 294
317 380 260 350 319 290
313 400 376 354 384 338
400 478 458 444 470 428
376 458 424 416 436 392
400 458 376 428 416 384
478 542 534 514 546 510
542 593 598 574 602 578
534 598 582 570 590 558
542 598 534 578 570 546
424 506 462 466 486 440
506 582 538 552 562 530
462 538 495 502 518 474
506 538 462 530 502 486
478 534 458 510 498 470
534 582 506 558 552 526
458 506 424 482 466 436
534 506 458 526 482 498
48 14 44 28 22 40
14 0 18 2 6 10
44 18 60 26 36 52
14 18 44 10 26 22
0 13 16 1 8 4
13 45 42 27 38 20
16 42 58 24 50 34
13 42 16 20 24 8
60 47 104 56 76 80
47 58 102 54 78 74
104 102 147 92 122 124
47 102 104 74 92 76
0 16 18 4 12 6
16 58 47 34 54 30
18 47 60 32 56 36
16 47 18 30 32 12
48 43 14 39 21 28
43 59 17 51 35 25
14 17 0 9 5 2
43 17 14 25 9 21
59 103 46 79 75 55
103 146 101 123 121 91
46 101 57 73 77 53
103 101 46 91 73 75
0 15 13 3 7 1
15 57 41 33 49 23
13 41 45 19 37 27
15 41 13 23 19 7
59 46 17 55 31 35
46 57 15 53 33 29
17 15 0 11 3 5
46 15 17 29 11 31
48 99 43 67 63 39
99 163 107 127 131 95
43 107 59 71 83 51
99 107 43 95 71 63
163 241 183 197 213 171
241 328 265 287 303 257
183 265 217 225 249 205
241 265 183 257 225 213
59 135 103 89 111 79
135 217 179 175 201 155
103 179 146 139 167 123
135 179 103 155 139 111
163 183 107 171 143 131
183 217 135 205 175 159
107 135 59 115 89 83
183 135 107 159 115 143
312 239 263 285 255 301
239 161 181 195 169 211
263 181 215 223 203 247
239 181 263 211 223 255
161 97 105 125 93 129
97 45 41 65 37 61
105 41 57 69 49 81
97 41 105 61 69 93
215 133 177 173 153 199
133 57 101 87 77 109
177 101 146 137 121 165
133 101 177 109 137 153
161 105 181 129 141 169
105 57 133 81 87 113
181 133 215 157 173 203
105 133 181 113 157 141
