3584 3 256
3586 12 3
3 14 257
1 2 0
3592 7 12
3594 48 7
7 50 13
5 6 4
14 11 260
13 56 11
11 58 261
9 10 8
4 15 1
6 9 15
15 8 2
13 14 12
3616 19 48
3618 28 19
19 30 49
17 18 16
3624 23 28
3626 192 23
23 194 29
21 22 20
30 27 52
29 200 27
27 202 53
25 26 24
20 31 17
22 25 31
31 24 18
29 30 28
58 35 272
57 44 35
35 46 273
33 34 32
54 39 44
53 224 39
39 226 45
37 38 36
46 43 276
45 232 43
43 234 277
41 42 40
36 47 33
38 41 47
47 40 34
45 46 44
16 51 5
18 60 51
51 62 6
49 50 48
24 55 60
26 37 55
55 36 61
53 54 52
62 59 9
61 33 59
59 32 10
57 58 56
52 63 49
54 57 63
63 56 50
61 62 60
3712 67 192
3714 76 67
67 78 193
65 66 64
3720 71 76
3722 112 71
71 114 77
69 70 68
78 75 196
77 120 75
75 122 197
73 74 72
68 79 65
70 73 79
79 72 66
77 78 76
3744 83 112
3746 92 83
83 94 113
81 82 80
3752 87 92
3754 1109 87
87 1108 93
85 86 84
94 91 116
93 1105 91
91 1104 117
89 90 88
84 95 81
86 89 95
95 88 82
93 94 92
122 99 208
121 108 99
99 110 209
97 98 96
118 103 108
117 1093 103
103 1092 109
101 102 100
110 107 212
109 1089 107
107 1088 213
105 106 104
100 111 97
102 105 111
111 104 98
109 110 108
80 115 69
82 124 115
115 126 70
113 114 112
88 119 124
90 101 119
119 100 125
117 118 116
126 123 73
125 97 123
123 96 74
121 122 120
116 127 113
118 121 127
127 120 114
125 126 124
234 131 320
233 140 131
131 142 321
129 130 128
230 135 140
229 176 135
135 178 141
133 134 132
142 139 324
141 184 139
139 186 325
137 138 136
132 143 129
134 137 143
143 136 130
141 142 140
218 147 176
217 156 147
147 158 177
145 146 144
214 151 156
213 1045 151
151 1044 157
149 150 148
158 155 180
157 1041 155
155 1040 181
153 154 152
148 159 145
150 153 159
159 152 146
157 158 156
186 163 336
185 172 163
163 174 337
161 162 160
182 167 172
181 1029 167
167 1028 173
165 166 164
174 171 340
173 1025 171
171 1024 341
169 170 168
164 175 161
166 169 175
175 168 162
173 174 172
144 179 133
146 188 179
179 190 134
177 178 176
152 183 188
154 165 183
183 164 189
181 182 180
190 187 137
189 161 187
187 160 138
185 186 184
180 191 177
182 185 191
191 184 178
189 190 188
64 195 21
66 204 195
195 206 22
193 194 192
72 199 204
74 240 199
199 242 205
197 198 196
206 203 25
205 248 203
203 250 26
201 202 200
196 207 193
198 201 207
207 200 194
205 206 204
96 211 240
98 220 211
211 222 241
209 210 208
104 215 220
106 149 215
215 148 221
213 214 212
222 219 244
221 145 219
219 144 245
217 218 216
212 223 209
214 217 223
223 216 210
221 222 220
250 227 37
249 236 227
227 238 38
225 226 224
246 231 236
245 133 231
231 132 237
229 230 228
238 235 41
237 129 235
235 128 42
233 234 232
228 239 225
230 233 239
239 232 226
237 238 236
208 243 197
210 252 243
243 254 198
241 242 240
216 247 252
218 229 247
247 228 253
245 246 244
254 251 201
253 225 251
251 224 202
249 250 248
244 255 241
246 249 255
255 248 242
253 254 252
0 259 4266
2 268 259
259 270 4264
257 258 256
8 263 268
10 304 263
263 306 269
261 262 260
270 267 4258
269 312 267
267 314 4256
265 266 264
260 271 257
262 265 271
271 264 258
269 270 268
32 275 304
34 284 275
275 286 305
273 274 272
40 279 284
42 448 279
279 450 285
277 278 276
286 283 308
285 456 283
283 458 309
281 282 280
276 287 273
278 281 287
287 280 274
285 286 284
314 291 4234
313 300 291
291 302 4232
289 290 288
310 295 300
309 480 295
295 482 301
293 294 292
302 299 4226
301 488 299
299 490 4224
297 298 296
292 303 289
294 297 303
303 296 290
301 302 300
272 307 261
274 316 307
307 318 262
305 306 304
280 311 316
282 293 311
311 292 317
309 310 308
318 315 265
317 289 315
315 288 266
313 314 312
308 319 305
310 313 319
319 312 306
317 318 316
128 323 448
130 332 323
323 334 449
321 322 320
136 327 332
138 368 327
327 370 333
325 326 324
334 331 452
333 376 331
331 378 453
329 330 328
324 335 321
326 329 335
335 328 322
333 334 332
160 339 368
162 348 339
339 350 369
337 338 336
168 343 348
170 597 343
343 596 349
341 342 340
350 347 372
349 593 347
347 592 373
345 346 344
340 351 337
342 345 351
351 344 338
349 350 348
378 355 464
377 364 355
355 366 465
353 354 352
374 359 364
373 581 359
359 580 365
357 358 356
366 363 468
365 577 363
363 576 469
361 362 360
356 367 353
358 361 367
367 360 354
365 366 364
336 371 325
338 380 371
371 382 326
369 370 368
344 375 380
346 357 375
375 356 381
373 374 372
382 379 329
381 353 379
379 352 330
377 378 376
372 383 369
374 377 383
383 376 370
381 382 380
490 387 4138
489 396 387
387 398 4136
385 386 384
486 391 396
485 432 391
391 434 397
389 390 388
398 395 4130
397 440 395
395 442 4128
393 394 392
388 399 385
390 393 399
399 392 386
397 398 396
474 403 432
473 412 403
403 414 433
401 402 400
470 407 412
469 533 407
407 532 413
405 406 404
414 411 436
413 529 411
411 528 437
409 410 408
404 415 401
406 409 415
415 408 402
413 414 412
442 419 4106
441 428 419
419 430 4104
417 418 416
438 423 428
437 517 423
423 516 429
421 422 420
430 427 4098
429 513 427
427 512 4096
425 426 424
420 431 417
422 425 431
431 424 418
429 430 428
400 435 389
402 444 435
435 446 390
433 434 432
408 439 444
410 421 439
439 420 445
437 438 436
446 443 393
445 417 443
443 416 394
441 442 440
436 447 433
438 441 447
447 440 434
445 446 444
320 451 277
322 460 451
451 462 278
449 450 448
328 455 460
330 496 455
455 498 461
453 454 452
462 459 281
461 504 459
459 506 282
457 458 456
452 463 449
454 457 463
463 456 450
461 462 460
352 467 496
354 476 467
467 478 497
465 466 464
360 471 476
362 405 471
471 404 477
469 470 468
478 475 500
477 401 475
475 400 501
473 474 472
468 479 465
470 473 479
479 472 466
477 478 476
506 483 293
505 492 483
483 494 294
481 482 480
502 487 492
501 389 487
487 388 493
485 486 484
494 491 297
493 385 491
491 384 298
489 490 488
484 495 481
486 489 495
495 488 482
493 494 492
464 499 453
466 508 499
499 510 454
497 498 496
472 503 508
474 485 503
503 484 509
501 502 500
510 507 457
509 481 507
507 480 458
505 506 504
500 511 497
502 505 511
511 504 498
509 510 508
426 515 4608
425 524 515
515 526 4609
513 514 512
422 519 524
421 560 519
519 562 525
517 518 516
526 523 4612
525 568 523
523 570 4613
521 522 520
516 527 513
518 521 527
527 520 514
525 526 524
410 531 560
409 540 531
531 542 561
529 530 528
406 535 540
405 704 535
535 706 541
533 534 532
542 539 564
541 712 539
539 714 565
537 538 536
532 543 529
534 537 543
543 536 530
541 542 540
570 547 4624
569 556 547
547 558 4625
545 546 544
566 551 556
565 736 551
551 738 557
549 550 548
558 555 4628
557 744 555
555 746 4629
553 554 552
548 559 545
550 553 559
559 552 546
557 558 556
528 563 517
530 572 563
563 574 518
561 562 560
536 567 572
538 549 567
567 548 573
565 566 564
574 571 521
573 545 571
571 544 522
569 570 568
564 575 561
566 569 575
575 568 562
573 574 572
362 579 704
361 588 579
579 590 705
577 578 576
358 583 588
357 624 583
583 626 589
581 582 580
590 587 708
589 632 587
587 634 709
585 586 584
580 591 577
582 585 591
591 584 578
589 590 588
346 595 624
345 604 595
595 606 625
593 594 592
342 599 604
341 768 599
599 770 605
597 598 596
606 603 628
605 776 603
603 778 629
601 602 600
596 607 593
598 601 607
607 600 594
605 606 604
634 611 720
633 620 611
611 622 721
609 610 608
630 615 620
629 800 615
615 802 621
613 614 612
622 619 724
621 808 619
619 810 725
617 618 616
612 623 609
614 617 623
623 616 610
621 622 620
592 627 581
594 636 627
627 638 582
625 626 624
600 631 636
602 613 631
631 612 637
629 630 628
638 635 585
637 609 635
635 608 586
633 634 632
628 639 625
630 633 639
639 632 626
637 638 636
746 643 4672
745 652 643
643 654 4673
641 642 640
742 647 652
741 688 647
647 690 653
645 646 644
654 651 4676
653 696 651
651 698 4677
649 650 648
644 655 641
646 649 655
655 648 642
653 654 652
730 659 688
729 668 659
659 670 689
657 658 656
726 663 668
725 896 663
663 898 669
661 662 660
670 667 692
669 904 667
667 906 693
665 666 664
660 671 657
662 665 671
671 664 658
669 670 668
698 675 4688
697 684 675
675 686 4689
673 674 672
694 679 684
693 928 679
679 930 685
677 678 676
686 683 4692
685 936 683
683 938 4693
681 682 680
676 687 673
678 681 687
687 680 674
685 686 684
656 691 645
658 700 691
691 702 646
689 690 688
664 695 700
666 677 695
695 676 701
693 694 692
702 699 649
701 673 699
699 672 650
697 698 696
692 703 689
694 697 703
703 696 690
701 702 700
576 707 533
578 716 707
707 718 534
705 706 704
584 711 716
586 752 711
711 754 717
709 710 708
718 715 537
717 760 715
715 762 538
713 714 712
708 719 705
710 713 719
719 712 706
717 718 716
608 723 752
610 732 723
723 734 753
721 722 720
616 727 732
618 661 727
727 660 733
725 726 724
734 731 756
733 657 731
731 656 757
729 730 728
724 735 721
726 729 735
735 728 722
733 734 732
762 739 549
761 748 739
739 750 550
737 738 736
758 743 748
757 645 743
743 644 749
741 742 740
750 747 553
749 641 747
747 640 554
745 746 744
740 751 737
742 745 751
751 744 738
749 750 748
720 755 709
722 764 755
755 766 710
753 754 752
728 759 764
730 741 759
759 740 765
757 758 756
766 763 713
765 737 763
763 736 714
761 762 760
756 767 753
758 761 767
767 760 754
765 766 764
1024 771 597
1026 780 771
771 782 598
769 770 768
1032 775 780
1034 816 775
775 818 781
773 774 772
782 779 601
781 824 779
779 826 602
777 778 776
772 783 769
774 777 783
783 776 770
781 782 780
1056 787 816
1058 796 787
787 798 817
785 786 784
1064 791 796
1066 960 791
791 962 797
789 790 788
798 795 820
797 968 795
795 970 821
793 794 792
788 799 785
790 793 799
799 792 786
797 798 796
826 803 613
825 812 803
803 814 614
801 802 800
822 807 812
821 992 807
807 994 813
805 806 804
814 811 617
813 1000 811
811 1002 618
809 810 808
804 815 801
806 809 815
815 808 802
813 814 812
784 819 773
786 828 819
819 830 774
817 818 816
792 823 828
794 805 823
823 804 829
821 822 820
830 827 777
829 801 827
827 800 778
825 826 824
820 831 817
822 825 831
831 824 818
829 830 828
1152 835 960
1154 844 835
835 846 961
833 834 832
1160 839 844
1162 880 839
839 882 845
837 838 836
846 843 964
845 888 843
843 890 965
841 842 840
836 847 833
838 841 847
847 840 834
845 846 844
1184 851 880
1186 860 851
851 862 881
849 850 848
1192 855 860
1194 1877 855
855 1876 861
853 854 852
862 859 884
861 1873 859
859 1872 885
857 858 856
852 863 849
854 857 863
863 856 850
861 862 860
890 867 976
889 876 867
867 878 977
865 866 864
886 871 876
885 1861 871
871 1860 877
869 870 868
878 875 980
877 1857 875
875 1856 981
873 874 872
868 879 865
870 873 879
879 872 866
877 878 876
848 883 837
850 892 883
883 894 838
881 882 880
856 887 892
858 869 887
887 868 893
885 886 884
894 891 841
893 865 891
891 864 842
889 890 888
884 895 881
886 889 895
895 888 882
893 894 892
1002 899 661
1001 908 899
899 910 662
897 898 896
998 903 908
997 944 903
903 946 909
901 902 900
910 907 665
909 952 907
907 954 666
905 906 904
900 911 897
902 905 911
911 904 898
909 910 908
986 915 944
985 924 915
915 926 945
913 914 912
982 919 924
981 1813 919
919 1812 925
917 918 916
926 923 948
925 1809 923
923 1808 949
921 922 920
916 927 913
918 921 927
927 920 914
925 926 924
954 931 677
953 940 931
931 942 678
929 930 928
950 935 940
949 1797 935
935 1796 941
933 934 932
942 939 681
941 1793 939
939 1792 682
937 938 936
932 943 929
934 937 943
943 936 930
941 942 940
912 947 901
914 956 947
947 958 902
945 946 944
920 951 956
922 933 951
951 932 957
949 950 948
958 955 905
957 929 955
955 928 906
953 954 952
948 959 945
950 953 959
959 952 946
957 958 956
832 963 789
834 972 963
963 974 790
961 962 960
840 967 972
842 1008 967
967 1010 973
965 966 964
974 971 793
973 1016 971
971 1018 794
969 970 968
964 975 961
966 969 975
975 968 962
973 974 972
864 979 1008
866 988 979
979 990 1009
977 978 976
872 983 988
874 917 983
983 916 989
981 982 980
990 987 1012
989 913 987
987 912 1013
985 986 984
980 991 977
982 985 991
991 984 978
989 990 988
1018 995 805
1017 1004 995
995 1006 806
993 994 992
1014 999 1004
1013 901 999
999 900 1005
997 998 996
1006 1003 809
1005 897 1003
1003 896 810
1001 1002 1000
996 1007 993
998 1001 1007
1007 1000 994
1005 1006 1004
976 1011 965
978 1020 1011
1011 1022 966
1009 1010 1008
984 1015 1020
986 997 1015
1015 996 1021
1013 1014 1012
1022 1019 969
1021 993 1019
1019 992 970
1017 1018 1016
1012 1023 1009
1014 1017 1023
1023 1016 1010
1021 1022 1020
170 1027 768
169 1036 1027
1027 1038 769
1025 1026 1024
166 1031 1036
165 1072 1031
1031 1074 1037
1029 1030 1028
1038 1035 772
1037 1080 1035
1035 1082 773
1033 1034 1032
1028 1039 1025
1030 1033 1039
1039 1032 1026
1037 1038 1036
154 1043 1072
153 1052 1043
1043 1054 1073
1041 1042 1040
150 1047 1052
149 1216 1047
1047 1218 1053
1045 1046 1044
1054 1051 1076
1053 1224 1051
1051 1226 1077
1049 1050 1048
1044 1055 1041
1046 1049 1055
1055 1048 1042
1053 1054 1052
1082 1059 784
1081 1068 1059
1059 1070 785
1057 1058 1056
1078 1063 1068
1077 1248 1063
1063 1250 1069
1061 1062 1060
1070 1067 788
1069 1256 1067
1067 1258 789
1065 1066 1064
1060 1071 1057
1062 1065 1071
1071 1064 1058
1069 1070 1068
1040 1075 1029
1042 1084 1075
1075 1086 1030
1073 1074 1072
1048 1079 1084
1050 1061 1079
1079 1060 1085
1077 1078 1076
1086 1083 1033
1085 1057 1083
1083 1056 1034
1081 1082 1080
1076 1087 1073
1078 1081 1087
1087 1080 1074
1085 1086 1084
106 1091 1216
105 1100 1091
1091 1102 1217
1089 1090 1088
102 1095 1100
101 1136 1095
1095 1138 1101
1093 1094 1092
1102 1099 1220
1101 1144 1099
1099 1146 1221
1097 1098 1096
1092 1103 1089
1094 1097 1103
1103 1096 1090
1101 1102 1100
90 1107 1136
89 1116 1107
1107 1118 1137
1105 1106 1104
86 1111 1116
85 1365 1111
1111 1364 1117
1109 1110 1108
1118 1115 1140
1117 1361 1115
1115 1360 1141
1113 1114 1112
1108 1119 1105
1110 1113 1119
1119 1112 1106
1117 1118 1116
1146 1123 1232
1145 1132 1123
1123 1134 1233
1121 1122 1120
1142 1127 1132
1141 1349 1127
1127 1348 1133
1125 1126 1124
1134 1131 1236
1133 1345 1131
1131 1344 1237
1129 1130 1128
1124 1135 1121
1126 1129 1135
1135 1128 1122
1133 1134 1132
1104 1139 1093
1106 1148 1139
1139 1150 1094
1137 1138 1136
1112 1143 1148
1114 1125 1143
1143 1124 1149
1141 1142 1140
1150 1147 1097
1149 1121 1147
1147 1120 1098
1145 1146 1144
1140 1151 1137
1142 1145 1151
1151 1144 1138
1149 1150 1148
1258 1155 832
1257 1164 1155
1155 1166 833
1153 1154 1152
1254 1159 1164
1253 1200 1159
1159 1202 1165
1157 1158 1156
1166 1163 836
1165 1208 1163
1163 1210 837
1161 1162 1160
1156 1167 1153
1158 1161 1167
1167 1160 1154
1165 1166 1164
1242 1171 1200
1241 1180 1171
1171 1182 1201
1169 1170 1168
1238 1175 1180
1237 1301 1175
1175 1300 1181
1173 1174 1172
1182 1179 1204
1181 1297 1179
1179 1296 1205
1177 1178 1176
1172 1183 1169
1174 1177 1183
1183 1176 1170
1181 1182 1180
1210 1187 848
1209 1196 1187
1187 1198 849
1185 1186 1184
1206 1191 1196
1205 1285 1191
1191 1284 1197
1189 1190 1188
1198 1195 852
1197 1281 1195
1195 1280 853
1193 1194 1192
1188 1199 1185
1190 1193 1199
1199 1192 1186
1197 1198 1196
1168 1203 1157
1170 1212 1203
1203 1214 1158
1201 1202 1200
1176 1207 1212
1178 1189 1207
1207 1188 1213
1205 1206 1204
1214 1211 1161
1213 1185 1211
1211 1184 1162
1209 1210 1208
1204 1215 1201
1206 1209 1215
1215 1208 1202
1213 1214 1212
1088 1219 1045
1090 1228 1219
1219 1230 1046
1217 1218 1216
1096 1223 1228
1098 1264 1223
1223 1266 1229
1221 1222 1220
1230 1227 1049
1229 1272 1227
1227 1274 1050
1225 1226 1224
1220 1231 1217
1222 1225 1231
1231 1224 1218
1229 1230 1228
1120 1235 1264
1122 1244 1235
1235 1246 1265
1233 1234 1232
1128 1239 1244
1130 1173 1239
1239 1172 1245
1237 1238 1236
1246 1243 1268
1245 1169 1243
1243 1168 1269
1241 1242 1240
1236 1247 1233
1238 1241 1247
1247 1240 1234
1245 1246 1244
1274 1251 1061
1273 1260 1251
1251 1262 1062
1249 1250 1248
1270 1255 1260
1269 1157 1255
1255 1156 1261
1253 1254 1252
1262 1259 1065
1261 1153 1259
1259 1152 1066
1257 1258 1256
1252 1263 1249
1254 1257 1263
1263 1256 1250
1261 1262 1260
1232 1267 1221
1234 1276 1267
1267 1278 1222
1265 1266 1264
1240 1271 1276
1242 1253 1271
1271 1252 1277
1269 1270 1268
1278 1275 1225
1277 1249 1275
1275 1248 1226
1273 1274 1272
1268 1279 1265
1270 1273 1279
1279 1272 1266
1277 1278 1276
1194 1283 1536
1193 1292 1283
1283 1294 1537
1281 1282 1280
1190 1287 1292
1189 1328 1287
1287 1330 1293
1285 1286 1284
1294 1291 1540
1293 1336 1291
1291 1338 1541
1289 1290 1288
1284 1295 1281
1286 1289 1295
1295 1288 1282
1293 1294 1292
1178 1299 1328
1177 1308 1299
1299 1310 1329
1297 1298 1296
1174 1303 1308
1173 1472 1303
1303 1474 1309
1301 1302 1300
1310 1307 1332
1309 1480 1307
1307 1482 1333
1305 1306 1304
1300 1311 1297
1302 1305 1311
1311 1304 1298
1309 1310 1308
1338 1315 1552
1337 1324 1315
1315 1326 1553
1313 1314 1312
1334 1319 1324
1333 1504 1319
1319 1506 1325
1317 1318 1316
1326 1323 1556
1325 1512 1323
1323 1514 1557
1321 1322 1320
1316 1327 1313
1318 1321 1327
1327 1320 1314
1325 1326 1324
1296 1331 1285
1298 1340 1331
1331 1342 1286
1329 1330 1328
1304 1335 1340
1306 1317 1335
1335 1316 1341
1333 1334 1332
1342 1339 1289
1341 1313 1339
1339 1312 1290
1337 1338 1336
1332 1343 1329
1334 1337 1343
1343 1336 1330
1341 1342 1340
1130 1347 1472
1129 1356 1347
1347 1358 1473
1345 1346 1344
1126 1351 1356
1125 1392 1351
1351 1394 1357
1349 1350 1348
1358 1355 1476
1357 1400 1355
1355 1402 1477
1353 1354 1352
1348 1359 1345
1350 1353 1359
1359 1352 1346
1357 1358 1356
1114 1363 1392
1113 1372 1363
1363 1374 1393
1361 1362 1360
1110 1367 1372
1109 4010 1367
1367 4009 1373
1365 1366 1364
1374 1371 1396
1373 4006 1371
1371 4005 1397
1369 1370 1368
1364 1375 1361
1366 1369 1375
1375 1368 1362
1373 1374 1372
1402 1379 1488
1401 1388 1379
1379 1390 1489
1377 1378 1376
1398 1383 1388
1397 3994 1383
1383 3993 1389
1381 1382 1380
1390 1387 1492
1389 3990 1387
1387 3989 1493
1385 1386 1384
1380 1391 1377
1382 1385 1391
1391 1384 1378
1389 1390 1388
1360 1395 1349
1362 1404 1395
1395 1406 1350
1393 1394 1392
1368 1399 1404
1370 1381 1399
1399 1380 1405
1397 1398 1396
1406 1403 1353
1405 1377 1403
1403 1376 1354
1401 1402 1400
1396 1407 1393
1398 1401 1407
1407 1400 1394
1405 1406 1404
1514 1411 1600
1513 1420 1411
1411 1422 1601
1409 1410 1408
1510 1415 1420
1509 1456 1415
1415 1458 1421
1413 1414 1412
1422 1419 1604
1421 1464 1419
1419 1466 1605
1417 1418 1416
1412 1423 1409
1414 1417 1423
1423 1416 1410
1421 1422 1420
1498 1427 1456
1497 1436 1427
1427 1438 1457
1425 1426 1424
1494 1431 1436
1493 3946 1431
1431 3945 1437
1429 1430 1428
1438 1435 1460
1437 3942 1435
1435 3941 1461
1433 1434 1432
1428 1439 1425
1430 1433 1439
1439 1432 1426
1437 1438 1436
1466 1443 1616
1465 1452 1443
1443 1454 1617
1441 1442 1440
1462 1447 1452
1461 3930 1447
1447 3929 1453
1445 1446 1444
1454 1451 1620
1453 3926 1451
1451 3925 1621
1449 1450 1448
1444 1455 1441
1446 1449 1455
1455 1448 1442
1453 1454 1452
1424 1459 1413
1426 1468 1459
1459 1470 1414
1457 1458 1456
1432 1463 1468
1434 1445 1463
1463 1444 1469
1461 1462 1460
1470 1467 1417
1469 1441 1467
1467 1440 1418
1465 1466 1464
1460 1471 1457
1462 1465 1471
1471 1464 1458
1469 1470 1468
1344 1475 1301
1346 1484 1475
1475 1486 1302
1473 1474 1472
1352 1479 1484
1354 1520 1479
1479 1522 1485
1477 1478 1476
1486 1483 1305
1485 1528 1483
1483 1530 1306
1481 1482 1480
1476 1487 1473
1478 1481 1487
1487 1480 1474
1485 1486 1484
1376 1491 1520
1378 1500 1491
1491 1502 1521
1489 1490 1488
1384 1495 1500
1386 1429 1495
1495 1428 1501
1493 1494 1492
1502 1499 1524
1501 1425 1499
1499 1424 1525
1497 1498 1496
1492 1503 1489
1494 1497 1503
1503 1496 1490
1501 1502 1500
1530 1507 1317
1529 1516 1507
1507 1518 1318
1505 1506 1504
1526 1511 1516
1525 1413 1511
1511 1412 1517
1509 1510 1508
1518 1515 1321
1517 1409 1515
1515 1408 1322
1513 1514 1512
1508 1519 1505
1510 1513 1519
1519 1512 1506
1517 1518 1516
1488 1523 1477
1490 1532 1523
1523 1534 1478
1521 1522 1520
1496 1527 1532
1498 1509 1527
1527 1508 1533
1525 1526 1524
1534 1531 1481
1533 1505 1531
1531 1504 1482
1529 1530 1528
1524 1535 1521
1526 1529 1535
1535 1528 1522
1533 1534 1532
1280 1539 1877
1282 1548 1539
1539 1550 1878
1537 1538 1536
1288 1543 1548
1290 1584 1543
1543 1586 1549
1541 1542 1540
1550 1547 1881
1549 1592 1547
1547 1594 1882
1545 1546 1544
1540 1551 1537
1542 1545 1551
1551 1544 1538
1549 1550 1548
1312 1555 1584
1314 1564 1555
1555 1566 1585
1553 1554 1552
1320 1559 1564
1322 1728 1559
1559 1730 1565
1557 1558 1556
1566 1563 1588
1565 1736 1563
1563 1738 1589
1561 1562 1560
1556 1567 1553
1558 1561 1567
1567 1560 1554
1565 1566 1564
1594 1571 1893
1593 1580 1571
1571 1582 1894
1569 1570 1568
1590 1575 1580
1589 1760 1575
1575 1762 1581
1573 1574 1572
1582 1579 1897
1581 1768 1579
1579 1770 1898
1577 1578 1576
1572 1583 1569
1574 1577 1583
1583 1576 1570
1581 1582 1580
1552 1587 1541
1554 1596 1587
1587 1598 1542
1585 1586 1584
1560 1591 1596
1562 1573 1591
1591 1572 1597
1589 1590 1588
1598 1595 1545
1597 1569 1595
1595 1568 1546
1593 1594 1592
1588 1599 1585
1590 1593 1599
1599 1592 1586
1597 1598 1596
1408 1603 1728
1410 1612 1603
1603 1614 1729
1601 1602 1600
1416 1607 1612
1418 1648 1607
1607 1650 1613
1605 1606 1604
1614 1611 1732
1613 1656 1611
1611 1658 1733
1609 1610 1608
1604 1615 1601
1606 1609 1615
1615 1608 1602
1613 1614 1612
1440 1619 1648
1442 1628 1619
1619 1630 1649
1617 1618 1616
1448 1623 1628
1450 2730 1623
1623 2729 1629
1621 1622 1620
1630 1627 1652
1629 2726 1627
1627 2725 1653
1625 1626 1624
1620 1631 1617
1622 1625 1631
1631 1624 1618
1629 1630 1628
1658 1635 1744
1657 1644 1635
1635 1646 1745
1633 1634 1632
1654 1639 1644
1653 2714 1639
1639 2713 1645
1637 1638 1636
1646 1643 1748
1645 2710 1643
1643 2709 1749
1641 1642 1640
1636 1647 1633
1638 1641 1647
1647 1640 1634
1645 1646 1644
1616 1651 1605
1618 1660 1651
1651 1662 1606
1649 1650 1648
1624 1655 1660
1626 1637 1655
1655 1636 1661
1653 1654 1652
1662 1659 1609
1661 1633 1659
1659 1632 1610
1657 1658 1656
1652 1663 1649
1654 1657 1663
1663 1656 1650
1661 1662 1660
1770 1667 1941
1769 1676 1667
1667 1678 1942
1665 1666 1664
1766 1671 1676
1765 1712 1671
1671 1714 1677
1669 1670 1668
1678 1675 1945
1677 1720 1675
1675 1722 1946
1673 1674 1672
1668 1679 1665
1670 1673 1679
1679 1672 1666
1677 1678 1676
1754 1683 1712
1753 1692 1683
1683 1694 1713
1681 1682 1680
1750 1687 1692
1749 2666 1687
1687 2665 1693
1685 1686 1684
1694 1691 1716
1693 2662 1691
1691 2661 1717
1689 1690 1688
1684 1695 1681
1686 1689 1695
1695 1688 1682
1693 1694 1692
1722 1699 1957
1721 1708 1699
1699 1710 1958
1697 1698 1696
1718 1703 1708
1717 2650 1703
1703 2649 1709
1701 1702 1700
1710 1707 1961
1709 2646 1707
1707 2645 1962
1705 1706 1704
1700 1711 1697
1702 1705 1711
1711 1704 1698
1709 1710 1708
1680 1715 1669
1682 1724 1715
1715 1726 1670
1713 1714 1712
1688 1719 1724
1690 1701 1719
1719 1700 1725
1717 1718 1716
1726 1723 1673
1725 1697 1723
1723 1696 1674
1721 1722 1720
1716 1727 1713
1718 1721 1727
1727 1720 1714
1725 1726 1724
1600 1731 1557
1602 1740 1731
1731 1742 1558
1729 1730 1728
1608 1735 1740
1610 1776 1735
1735 1778 1741
1733 1734 1732
1742 1739 1561
1741 1784 1739
1739 1786 1562
1737 1738 1736
1732 1743 1729
1734 1737 1743
1743 1736 1730
1741 1742 1740
1632 1747 1776
1634 1756 1747
1747 1758 1777
1745 1746 1744
1640 1751 1756
1642 1685 1751
1751 1684 1757
1749 1750 1748
1758 1755 1780
1757 1681 1755
1755 1680 1781
1753 1754 1752
1748 1759 1745
1750 1753 1759
1759 1752 1746
1757 1758 1756
1786 1763 1573
1785 1772 1763
1763 1774 1574
1761 1762 1760
1782 1767 1772
1781 1669 1767
1767 1668 1773
1765 1766 1764
1774 1771 1577
1773 1665 1771
1771 1664 1578
1769 1770 1768
1764 1775 1761
1766 1769 1775
1775 1768 1762
1773 1774 1772
1744 1779 1733
1746 1788 1779
1779 1790 1734
1777 1778 1776
1752 1783 1788
1754 1765 1783
1783 1764 1789
1781 1782 1780
1790 1787 1737
1789 1761 1787
1787 1760 1738
1785 1786 1784
1780 1791 1777
1782 1785 1791
1791 1784 1778
1789 1790 1788
938 1795 2048
937 1804 1795
1795 1806 2049
1793 1794 1792
934 1799 1804
933 1840 1799
1799 1842 1805
1797 1798 1796
1806 1803 2052
1805 1848 1803
1803 1850 2053
1801 1802 1800
1796 1807 1793
1798 1801 1807
1807 1800 1794
1805 1806 1804
922 1811 1840
921 1820 1811
1811 1822 1841
1809 1810 1808
918 1815 1820
917 1984 1815
1815 1986 1821
1813 1814 1812
1822 1819 1844
1821 1992 1819
1819 1994 1845
1817 1818 1816
1812 1823 1809
1814 1817 1823
1823 1816 1810
1821 1822 1820
1850 1827 2064
1849 1836 1827
1827 1838 2065
1825 1826 1824
1846 1831 1836
1845 2016 1831
1831 2018 1837
1829 1830 1828
1838 1835 2068
1837 2024 1835
1835 2026 2069
1833 1834 1832
1828 1839 1825
1830 1833 1839
1839 1832 1826
1837 1838 1836
1808 1843 1797
1810 1852 1843
1843 1854 1798
1841 1842 1840
1816 1847 1852
1818 1829 1847
1847 1828 1853
1845 1846 1844
1854 1851 1801
1853 1825 1851
1851 1824 1802
1849 1850 1848
1844 1855 1841
1846 1849 1855
1855 1848 1842
1853 1854 1852
874 1859 1984
873 1868 1859
1859 1870 1985
1857 1858 1856
870 1863 1868
869 1904 1863
1863 1906 1869
1861 1862 1860
1870 1867 1988
1869 1912 1867
1867 1914 1989
1865 1866 1864
1860 1871 1857
1862 1865 1871
1871 1864 1858
1869 1870 1868
858 1875 1904
857 1884 1875
1875 1886 1905
1873 1874 1872
854 1879 1884
853 1536 1879
1879 1538 1885
1877 1878 1876
1886 1883 1908
1885 1544 1883
1883 1546 1909
1881 1882 1880
1876 1887 1873
1878 1881 1887
1887 1880 1874
1885 1886 1884
1914 1891 2000
1913 1900 1891
1891 1902 2001
1889 1890 1888
1910 1895 1900
1909 1568 1895
1895 1570 1901
1893 1894 1892
1902 1899 2004
1901 1576 1899
1899 1578 2005
1897 1898 1896
1892 1903 1889
1894 1897 1903
1903 1896 1890
1901 1902 1900
1872 1907 1861
1874 1916 1907
1907 1918 1862
1905 1906 1904
1880 1911 1916
1882 1893 1911
1911 1892 1917
1909 1910 1908
1918 1915 1865
1917 1889 1915
1915 1888 1866
1913 1914 1912
1908 1919 1905
1910 1913 1919
1919 1912 1906
1917 1918 1916
2026 1923 2112
2025 1932 1923
1923 1934 2113
1921 1922 1920
2022 1927 1932
2021 1968 1927
1927 1970 1933
1925 1926 1924
1934 1931 2116
1933 1976 1931
1931 1978 2117
1929 1930 1928
1924 1935 1921
1926 1929 1935
1935 1928 1922
1933 1934 1932
2010 1939 1968
2009 1948 1939
1939 1950 1969
1937 1938 1936
2006 1943 1948
2005 1664 1943
1943 1666 1949
1941 1942 1940
1950 1947 1972
1949 1672 1947
1947 1674 1973
1945 1946 1944
1940 1951 1937
1942 1945 1951
1951 1944 1938
1949 1950 1948
1978 1955 2128
1977 1964 1955
1955 1966 2129
1953 1954 1952
1974 1959 1964
1973 1696 1959
1959 1698 1965
1957 1958 1956
1966 1963 2132
1965 1704 1963
1963 1706 2133
1961 1962 1960
1956 1967 1953
1958 1961 1967
1967 1960 1954
1965 1966 1964
1936 1971 1925
1938 1980 1971
1971 1982 1926
1969 1970 1968
1944 1975 1980
1946 1957 1975
1975 1956 1981
1973 1974 1972
1982 1979 1929
1981 1953 1979
1979 1952 1930
1977 1978 1976
1972 1983 1969
1974 1977 1983
1983 1976 1970
1981 1982 1980
1856 1987 1813
1858 1996 1987
1987 1998 1814
1985 1986 1984
1864 1991 1996
1866 2032 1991
1991 2034 1997
1989 1990 1988
1998 1995 1817
1997 2040 1995
1995 2042 1818
1993 1994 1992
1988 1999 1985
1990 1993 1999
1999 1992 1986
1997 1998 1996
1888 2003 2032
1890 2012 2003
2003 2014 2033
2001 2002 2000
1896 2007 2012
1898 1941 2007
2007 1940 2013
2005 2006 2004
2014 2011 2036
2013 1937 2011
2011 1936 2037
2009 2010 2008
2004 2015 2001
2006 2009 2015
2015 2008 2002
2013 2014 2012
2042 2019 1829
2041 2028 2019
2019 2030 1830
2017 2018 2016
2038 2023 2028
2037 1925 2023
2023 1924 2029
2021 2022 2020
2030 2027 1833
2029 1921 2027
2027 1920 1834
2025 2026 2024
2020 2031 2017
2022 2025 2031
2031 2024 2018
2029 2030 2028
2000 2035 1989
2002 2044 2035
2035 2046 1990
2033 2034 2032
2008 2039 2044
2010 2021 2039
2039 2020 2045
2037 2038 2036
2046 2043 1993
2045 2017 2043
2043 2016 1994
2041 2042 2040
2036 2047 2033
2038 2041 2047
2047 2040 2034
2045 2046 2044
1792 2051 4693
1794 2060 2051
2051 2062 4694
2049 2050 2048
1800 2055 2060
1802 2096 2055
2055 2098 2061
2053 2054 2052
2062 2059 4697
2061 2104 2059
2059 2106 4698
2057 2058 2056
2052 2063 2049
2054 2057 2063
2063 2056 2050
2061 2062 2060
1824 2067 2096
1826 2076 2067
2067 2078 2097
2065 2066 2064
1832 2071 2076
1834 2240 2071
2071 2242 2077
2069 2070 2068
2078 2075 2100
2077 2248 2075
2075 2250 2101
2073 2074 2072
2068 2079 2065
2070 2073 2079
2079 2072 2066
2077 2078 2076
2106 2083 4709
2105 2092 2083
2083 2094 4710
2081 2082 2080
2102 2087 2092
2101 2272 2087
2087 2274 2093
2085 2086 2084
2094 2091 4713
2093 2280 2091
2091 2282 4714
2089 2090 2088
2084 2095 2081
2086 2089 2095
2095 2088 2082
2093 2094 2092
2064 2099 2053
2066 2108 2099
2099 2110 2054
2097 2098 2096
2072 2103 2108
2074 2085 2103
2103 2084 2109
2101 2102 2100
2110 2107 2057
2109 2081 2107
2107 2080 2058
2105 2106 2104
2100 2111 2097
2102 2105 2111
2111 2104 2098
2109 2110 2108
1920 2115 2240
1922 2124 2115
2115 2126 2241
2113 2114 2112
1928 2119 2124
1930 2160 2119
2119 2162 2125
2117 2118 2116
2126 2123 2244
2125 2168 2123
2123 2170 2245
2121 2122 2120
2116 2127 2113
2118 2121 2127
2127 2120 2114
2125 2126 2124
1952 2131 2160
1954 2140 2131
2131 2142 2161
2129 2130 2128
1960 2135 2140
1962 2389 2135
2135 2388 2141
2133 2134 2132
2142 2139 2164
2141 2385 2139
2139 2384 2165
2137 2138 2136
2132 2143 2129
2134 2137 2143
2143 2136 2130
2141 2142 2140
2170 2147 2256
2169 2156 2147
2147 2158 2257
2145 2146 2144
2166 2151 2156
2165 2373 2151
2151 2372 2157
2149 2150 2148
2158 2155 2260
2157 2369 2155
2155 2368 2261
2153 2154 2152
2148 2159 2145
2150 2153 2159
2159 2152 2146
2157 2158 2156
2128 2163 2117
2130 2172 2163
2163 2174 2118
2161 2162 2160
2136 2167 2172
2138 2149 2167
2167 2148 2173
2165 2166 2164
2174 2171 2121
2173 2145 2171
2171 2144 2122
2169 2170 2168
2164 2175 2161
2166 2169 2175
2175 2168 2162
2173 2174 2172
2282 2179 4757
2281 2188 2179
2179 2190 4758
2177 2178 2176
2278 2183 2188
2277 2224 2183
2183 2226 2189
2181 2182 2180
2190 2187 4761
2189 2232 2187
2187 2234 4762
2185 2186 2184
2180 2191 2177
2182 2185 2191
2191 2184 2178
2189 2190 2188
2266 2195 2224
2265 2204 2195
2195 2206 2225
2193 2194 2192
2262 2199 2204
2261 2325 2199
2199 2324 2205
2197 2198 2196
2206 2203 2228
2205 2321 2203
2203 2320 2229
2201 2202 2200
2196 2207 2193
2198 2201 2207
2207 2200 2194
2205 2206 2204
2234 2211 4773
2233 2220 2211
2211 2222 4774
2209 2210 2208
2230 2215 2220
2229 2309 2215
2215 2308 2221
2213 2214 2212
2222 2219 4777
2221 2305 2219
2219 2304 4778
2217 2218 2216
2212 2223 2209
2214 2217 2223
2223 2216 2210
2221 2222 2220
2192 2227 2181
2194 2236 2227
2227 2238 2182
2225 2226 2224
2200 2231 2236
2202 2213 2231
2231 2212 2237
2229 2230 2228
2238 2235 2185
2237 2209 2235
2235 2208 2186
2233 2234 2232
2228 2239 2225
2230 2233 2239
2239 2232 2226
2237 2238 2236
2112 2243 2069
2114 2252 2243
2243 2254 2070
2241 2242 2240
2120 2247 2252
2122 2288 2247
2247 2290 2253
2245 2246 2244
2254 2251 2073
2253 2296 2251
2251 2298 2074
2249 2250 2248
2244 2255 2241
2246 2249 2255
2255 2248 2242
2253 2254 2252
2144 2259 2288
2146 2268 2259
2259 2270 2289
2257 2258 2256
2152 2263 2268
2154 2197 2263
2263 2196 2269
2261 2262 2260
2270 2267 2292
2269 2193 2267
2267 2192 2293
2265 2266 2264
2260 2271 2257
2262 2265 2271
2271 2264 2258
2269 2270 2268
2298 2275 2085
2297 2284 2275
2275 2286 2086
2273 2274 2272
2294 2279 2284
2293 2181 2279
2279 2180 2285
2277 2278 2276
2286 2283 2089
2285 2177 2283
2283 2176 2090
2281 2282 2280
2276 2287 2273
2278 2281 2287
2287 2280 2274
2285 2286 2284
2256 2291 2245
2258 2300 2291
2291 2302 2246
2289 2290 2288
2264 2295 2300
2266 2277 2295
2295 2276 2301
2293 2294 2292
2302 2299 2249
2301 2273 2299
2299 2272 2250
2297 2298 2296
2292 2303 2289
2294 2297 2303
2303 2296 2290
2301 2302 2300
2218 2307 5034
2217 2316 2307
2307 2318 5032
2305 2306 2304
2214 2311 2316
2213 2352 2311
2311 2354 2317
2309 2310 2308
2318 2315 5026
2317 2360 2315
2315 2362 5024
2313 2314 2312
2308 2319 2305
2310 2313 2319
2319 2312 2306
2317 2318 2316
2202 2323 2352
2201 2332 2323
2323 2334 2353
2321 2322 2320
2198 2327 2332
2197 2496 2327
2327 2498 2333
2325 2326 2324
2334 2331 2356
2333 2504 2331
2331 2506 2357
2329 2330 2328
2324 2335 2321
2326 2329 2335
2335 2328 2322
2333 2334 2332
2362 2339 5002
2361 2348 2339
2339 2350 5000
2337 2338 2336
2358 2343 2348
2357 2528 2343
2343 2530 2349
2341 2342 2340
2350 2347 4994
2349 2536 2347
2347 2538 4992
2345 2346 2344
2340 2351 2337
2342 2345 2351
2351 2344 2338
2349 2350 2348
2320 2355 2309
2322 2364 2355
2355 2366 2310
2353 2354 2352
2328 2359 2364
2330 2341 2359
2359 2340 2365
2357 2358 2356
2366 2363 2313
2365 2337 2363
2363 2336 2314
2361 2362 2360
2356 2367 2353
2358 2361 2367
2367 2360 2354
2365 2366 2364
2154 2371 2496
2153 2380 2371
2371 2382 2497
2369 2370 2368
2150 2375 2380
2149 2416 2375
2375 2418 2381
2373 2374 2372
2382 2379 2500
2381 2424 2379
2379 2426 2501
2377 2378 2376
2372 2383 2369
2374 2377 2383
2383 2376 2370
2381 2382 2380
2138 2387 2416
2137 2396 2387
2387 2398 2417
2385 2386 2384
2134 2391 2396
2133 2645 2391
2391 2644 2397
2389 2390 2388
2398 2395 2420
2397 2641 2395
2395 2640 2421
2393 2394 2392
2388 2399 2385
2390 2393 2399
2399 2392 2386
2397 2398 2396
2426 2403 2512
2425 2412 2403
2403 2414 2513
2401 2402 2400
2422 2407 2412
2421 2629 2407
2407 2628 2413
2405 2406 2404
2414 2411 2516
2413 2625 2411
2411 2624 2517
2409 2410 2408
2404 2415 2401
2406 2409 2415
2415 2408 2402
2413 2414 2412
2384 2419 2373
2386 2428 2419
2419 2430 2374
2417 2418 2416
2392 2423 2428
2394 2405 2423
2423 2404 2429
2421 2422 2420
2430 2427 2377
2429 2401 2427
2427 2400 2378
2425 2426 2424
2420 2431 2417
2422 2425 2431
2431 2424 2418
2429 2430 2428
2538 2435 4906
2537 2444 2435
2435 2446 4904
2433 2434 2432
2534 2439 2444
2533 2480 2439
2439 2482 2445
2437 2438 2436
2446 2443 4898
2445 2488 2443
2443 2490 4896
2441 2442 2440
2436 2447 2433
2438 2441 2447
2447 2440 2434
2445 2446 2444
2522 2451 2480
2521 2460 2451
2451 2462 2481
2449 2450 2448
2518 2455 2460
2517 2581 2455
2455 2580 2461
2453 2454 2452
2462 2459 2484
2461 2577 2459
2459 2576 2485
2457 2458 2456
2452 2463 2449
2454 2457 2463
2463 2456 2450
2461 2462 2460
2490 2467 4874
2489 2476 2467
2467 2478 4872
2465 2466 2464
2486 2471 2476
2485 2565 2471
2471 2564 2477
2469 2470 2468
2478 2475 4866
2477 2561 2475
2475 2560 4864
2473 2474 2472
2468 2479 2465
2470 2473 2479
2479 2472 2466
2477 2478 2476
2448 2483 2437
2450 2492 2483
2483 2494 2438
2481 2482 2480
2456 2487 2492
2458 2469 2487
2487 2468 2493
2485 2486 2484
2494 2491 2441
2493 2465 2491
2491 2464 2442
2489 2490 2488
2484 2495 2481
2486 2489 2495
2495 2488 2482
2493 2494 2492
2368 2499 2325
2370 2508 2499
2499 2510 2326
2497 2498 2496
2376 2503 2508
2378 2544 2503
2503 2546 2509
2501 2502 2500
2510 2507 2329
2509 2552 2507
2507 2554 2330
2505 2506 2504
2500 2511 2497
2502 2505 2511
2511 2504 2498
2509 2510 2508
2400 2515 2544
2402 2524 2515
2515 2526 2545
2513 2514 2512
2408 2519 2524
2410 2453 2519
2519 2452 2525
2517 2518 2516
2526 2523 2548
2525 2449 2523
2523 2448 2549
2521 2522 2520
2516 2527 2513
2518 2521 2527
2527 2520 2514
2525 2526 2524
2554 2531 2341
2553 2540 2531
2531 2542 2342
2529 2530 2528
2550 2535 2540
2549 2437 2535
2535 2436 2541
2533 2534 2532
2542 2539 2345
2541 2433 2539
2539 2432 2346
2537 2538 2536
2532 2543 2529
2534 2537 2543
2543 2536 2530
2541 2542 2540
2512 2547 2501
2514 2556 2547
2547 2558 2502
2545 2546 2544
2520 2551 2556
2522 2533 2551
2551 2532 2557
2549 2550 2548
2558 2555 2505
2557 2529 2555
2555 2528 2506
2553 2554 2552
2548 2559 2545
2550 2553 2559
2559 2552 2546
2557 2558 2556
2474 2563 2816
2473 2572 2563
2563 2574 2817
2561 2562 2560
2470 2567 2572
2469 2608 2567
2567 2610 2573
2565 2566 2564
2574 2571 2820
2573 2616 2571
2571 2618 2821
2569 2570 2568
2564 2575 2561
2566 2569 2575
2575 2568 2562
2573 2574 2572
2458 2579 2608
2457 2588 2579
2579 2590 2609
2577 2578 2576
2454 2583 2588
2453 2752 2583
2583 2754 2589
2581 2582 2580
2590 2587 2612
2589 2760 2587
2587 2762 2613
2585 2586 2584
2580 2591 2577
2582 2585 2591
2591 2584 2578
2589 2590 2588
2618 2595 2832
2617 2604 2595
2595 2606 2833
2593 2594 2592
2614 2599 2604
2613 2784 2599
2599 2786 2605
2597 2598 2596
2606 2603 2836
2605 2792 2603
2603 2794 2837
2601 2602 2600
2596 2607 2593
2598 2601 2607
2607 2600 2594
2605 2606 2604
2576 2611 2565
2578 2620 2611
2611 2622 2566
2609 2610 2608
2584 2615 2620
2586 2597 2615
2615 2596 2621
2613 2614 2612
2622 2619 2569
2621 2593 2619
2619 2592 2570
2617 2618 2616
2612 2623 2609
2614 2617 2623
2623 2616 2610
2621 2622 2620
2410 2627 2752
2409 2636 2627
2627 2638 2753
2625 2626 2624
2406 2631 2636
2405 2672 2631
2631 2674 2637
2629 2630 2628
2638 2635 2756
2637 2680 2635
2635 2682 2757
2633 2634 2632
2628 2639 2625
2630 2633 2639
2639 2632 2626
2637 2638 2636
2394 2643 2672
2393 2652 2643
2643 2654 2673
2641 2642 2640
2390 2647 2652
2389 1706 2647
2647 1705 2653
2645 2646 2644
2654 2651 2676
2653 1702 2651
2651 1701 2677
2649 2650 2648
2644 2655 2641
2646 2649 2655
2655 2648 2642
2653 2654 2652
2682 2659 2768
2681 2668 2659
2659 2670 2769
2657 2658 2656
2678 2663 2668
2677 1690 2663
2663 1689 2669
2661 2662 2660
2670 2667 2772
2669 1686 2667
2667 1685 2773
2665 2666 2664
2660 2671 2657
2662 2665 2671
2671 2664 2658
2669 2670 2668
2640 2675 2629
2642 2684 2675
2675 2686 2630
2673 2674 2672
2648 2679 2684
2650 2661 2679
2679 2660 2685
2677 2678 2676
2686 2683 2633
2685 2657 2683
2683 2656 2634
2681 2682 2680
2676 2687 2673
2678 2681 2687
2687 2680 2674
2685 2686 2684
2794 2691 2880
2793 2700 2691
2691 2702 2881
2689 2690 2688
2790 2695 2700
2789 2736 2695
2695 2738 2701
2693 2694 2692
2702 2699 2884
2701 2744 2699
2699 2746 2885
2697 2698 2696
2692 2703 2689
2694 2697 2703
2703 2696 2690
2701 2702 2700
2778 2707 2736
2777 2716 2707
2707 2718 2737
2705 2706 2704
2774 2711 2716
2773 1642 2711
2711 1641 2717
2709 2710 2708
2718 2715 2740
2717 1638 2715
2715 1637 2741
2713 2714 2712
2708 2719 2705
2710 2713 2719
2719 2712 2706
2717 2718 2716
2746 2723 2896
2745 2732 2723
2723 2734 2897
2721 2722 2720
2742 2727 2732
2741 1626 2727
2727 1625 2733
2725 2726 2724
2734 2731 2900
2733 1622 2731
2731 1621 2901
2729 2730 2728
2724 2735 2721
2726 2729 2735
2735 2728 2722
2733 2734 2732
2704 2739 2693
2706 2748 2739
2739 2750 2694
2737 2738 2736
2712 2743 2748
2714 2725 2743
2743 2724 2749
2741 2742 2740
2750 2747 2697
2749 2721 2747
2747 2720 2698
2745 2746 2744
2740 2751 2737
2742 2745 2751
2751 2744 2738
2749 2750 2748
2624 2755 2581
2626 2764 2755
2755 2766 2582
2753 2754 2752
2632 2759 2764
2634 2800 2759
2759 2802 2765
2757 2758 2756
2766 2763 2585
2765 2808 2763
2763 2810 2586
2761 2762 2760
2756 2767 2753
2758 2761 2767
2767 2760 2754
2765 2766 2764
2656 2771 2800
2658 2780 2771
2771 2782 2801
2769 2770 2768
2664 2775 2780
2666 2709 2775
2775 2708 2781
2773 2774 2772
2782 2779 2804
2781 2705 2779
2779 2704 2805
2777 2778 2776
2772 2783 2769
2774 2777 2783
2783 2776 2770
2781 2782 2780
2810 2787 2597
2809 2796 2787
2787 2798 2598
2785 2786 2784
2806 2791 2796
2805 2693 2791
2791 2692 2797
2789 2790 2788
2798 2795 2601
2797 2689 2795
2795 2688 2602
2793 2794 2792
2788 2799 2785
2790 2793 2799
2799 2792 2786
2797 2798 2796
2768 2803 2757
2770 2812 2803
2803 2814 2758
2801 2802 2800
2776 2807 2812
2778 2789 2807
2807 2788 2813
2805 2806 2804
2814 2811 2761
2813 2785 2811
2811 2784 2762
2809 2810 2808
2804 2815 2801
2806 2809 2815
2815 2808 2802
2813 2814 2812
2560 2819 3072
2562 2828 2819
2819 2830 3073
2817 2818 2816
2568 2823 2828
2570 2864 2823
2823 2866 2829
2821 2822 2820
2830 2827 3076
2829 2872 2827
2827 2874 3077
2825 2826 2824
2820 2831 2817
2822 2825 2831
2831 2824 2818
2829 2830 2828
2592 2835 2864
2594 2844 2835
2835 2846 2865
2833 2834 2832
2600 2839 2844
2602 3008 2839
2839 3010 2845
2837 2838 2836
2846 2843 2868
2845 3016 2843
2843 3018 2869
2841 2842 2840
2836 2847 2833
2838 2841 2847
2847 2840 2834
2845 2846 2844
2874 2851 3088
2873 2860 2851
2851 2862 3089
2849 2850 2848
2870 2855 2860
2869 3040 2855
2855 3042 2861
2853 2854 2852
2862 2859 3092
2861 3048 2859
2859 3050 3093
2857 2858 2856
2852 2863 2849
2854 2857 2863
2863 2856 2850
2861 2862 2860
2832 2867 2821
2834 2876 2867
2867 2878 2822
2865 2866 2864
2840 2871 2876
2842 2853 2871
2871 2852 2877
2869 2870 2868
2878 2875 2825
2877 2849 2875
2875 2848 2826
2873 2874 2872
2868 2879 2865
2870 2873 2879
2879 2872 2866
2877 2878 2876
2688 2883 3008
2690 2892 2883
2883 2894 3009
2881 2882 2880
2696 2887 2892
2698 2928 2887
2887 2930 2893
2885 2886 2884
2894 2891 3012
2893 2936 2891
2891 2938 3013
2889 2890 2888
2884 2895 2881
2886 2889 2895
2895 2888 2882
2893 2894 2892
2720 2899 2928
2722 2908 2899
2899 2910 2929
2897 2898 2896
2728 2903 2908
2730 3925 2903
2903 3924 2909
2901 2902 2900
2910 2907 2932
2909 3921 2907
2907 3920 2933
2905 2906 2904
2900 2911 2897
2902 2905 2911
2911 2904 2898
2909 2910 2908
2938 2915 3024
2937 2924 2915
2915 2926 3025
2913 2914 2912
2934 2919 2924
2933 3909 2919
2919 3908 2925
2917 2918 2916
2926 2923 3028
2925 3905 2923
2923 3904 3029
2921 2922 2920
2916 2927 2913
2918 2921 2927
2927 2920 2914
2925 2926 2924
2896 2931 2885
2898 2940 2931
2931 2942 2886
2929 2930 2928
2904 2935 2940
2906 2917 2935
2935 2916 2941
2933 2934 2932
2942 2939 2889
2941 2913 2939
2939 2912 2890
2937 2938 2936
2932 2943 2929
2934 2937 2943
2943 2936 2930
2941 2942 2940
3050 2947 3136
3049 2956 2947
2947 2958 3137
2945 2946 2944
3046 2951 2956
3045 2992 2951
2951 2994 2957
2949 2950 2948
2958 2955 3140
2957 3000 2955
2955 3002 3141
2953 2954 2952
2948 2959 2945
2950 2953 2959
2959 2952 2946
2957 2958 2956
3034 2963 2992
3033 2972 2963
2963 2974 2993
2961 2962 2960
3030 2967 2972
3029 3861 2967
2967 3860 2973
2965 2966 2964
2974 2971 2996
2973 3857 2971
2971 3856 2997
2969 2970 2968
2964 2975 2961
2966 2969 2975
2975 2968 2962
2973 2974 2972
3002 2979 3152
3001 2988 2979
2979 2990 3153
2977 2978 2976
2998 2983 2988
2997 3845 2983
2983 3844 2989
2981 2982 2980
2990 2987 3156
2989 3841 2987
2987 3840 3157
2985 2986 2984
2980 2991 2977
2982 2985 2991
2991 2984 2978
2989 2990 2988
2960 2995 2949
2962 3004 2995
2995 3006 2950
2993 2994 2992
2968 2999 3004
2970 2981 2999
2999 2980 3005
2997 2998 2996
3006 3003 2953
3005 2977 3003
3003 2976 2954
3001 3002 3000
2996 3007 2993
2998 3001 3007
3007 3000 2994
3005 3006 3004
2880 3011 2837
2882 3020 3011
3011 3022 2838
3009 3010 3008
2888 3015 3020
2890 3056 3015
3015 3058 3021
3013 3014 3012
3022 3019 2841
3021 3064 3019
3019 3066 2842
3017 3018 3016
3012 3023 3009
3014 3017 3023
3023 3016 3010
3021 3022 3020
2912 3027 3056
2914 3036 3027
3027 3038 3057
3025 3026 3024
2920 3031 3036
2922 2965 3031
3031 2964 3037
3029 3030 3028
3038 3035 3060
3037 2961 3035
3035 2960 3061
3033 3034 3032
3028 3039 3025
3030 3033 3039
3039 3032 3026
3037 3038 3036
3066 3043 2853
3065 3052 3043
3043 3054 2854
3041 3042 3040
3062 3047 3052
3061 2949 3047
3047 2948 3053
3045 3046 3044
3054 3051 2857
3053 2945 3051
3051 2944 2858
3049 3050 3048
3044 3055 3041
3046 3049 3055
3055 3048 3042
3053 3054 3052
3024 3059 3013
3026 3068 3059
3059 3070 3014
3057 3058 3056
3032 3063 3068
3034 3045 3063
3063 3044 3069
3061 3062 3060
3070 3067 3017
3069 3041 3067
3067 3040 3018
3065 3066 3064
3060 3071 3057
3062 3065 3071
3071 3064 3058
3069 3070 3068
2816 3075 4864
2818 3084 3075
3075 3086 4865
3073 3074 3072
2824 3079 3084
2826 3120 3079
3079 3122 3085
3077 3078 3076
3086 3083 4868
3085 3128 3083
3083 3130 4869
3081 3082 3080
3076 3087 3073
3078 3081 3087
3087 3080 3074
3085 3086 3084
2848 3091 3120
2850 3100 3091
3091 3102 3121
3089 3090 3088
2856 3095 3100
2858 3264 3095
3095 3266 3101
3093 3094 3092
3102 3099 3124
3101 3272 3099
3099 3274 3125
3097 3098 3096
3092 3103 3089
3094 3097 3103
3103 3096 3090
3101 3102 3100
3130 3107 4880
3129 3116 3107
3107 3118 4881
3105 3106 3104
3126 3111 3116
3125 3296 3111
3111 3298 3117
3109 3110 3108
3118 3115 4884
3117 3304 3115
3115 3306 4885
3113 3114 3112
3108 3119 3105
3110 3113 3119
3119 3112 3106
3117 3118 3116
3088 3123 3077
3090 3132 3123
3123 3134 3078
3121 3122 3120
3096 3127 3132
3098 3109 3127
3127 3108 3133
3125 3126 3124
3134 3131 3081
3133 3105 3131
3131 3104 3082
3129 3130 3128
3124 3135 3121
3126 3129 3135
3135 3128 3122
3133 3134 3132
2944 3139 3264
2946 3148 3139
3139 3150 3265
3137 3138 3136
2952 3143 3148
2954 3184 3143
3143 3186 3149
3141 3142 3140
3150 3147 3268
3149 3192 3147
3147 3194 3269
3145 3146 3144
3140 3151 3137
3142 3145 3151
3151 3144 3138
3149 3150 3148
2976 3155 3184
2978 3164 3155
3155 3166 3185
3153 3154 3152
2984 3159 3164
2986 3413 3159
3159 3412 3165
3157 3158 3156
3166 3163 3188
3165 3409 3163
3163 3408 3189
3161 3162 3160
3156 3167 3153
3158 3161 3167
3167 3160 3154
3165 3166 3164
3194 3171 3280
3193 3180 3171
3171 3182 3281
3169 3170 3168
3190 3175 3180
3189 3397 3175
3175 3396 3181
3173 3174 3172
3182 3179 3284
3181 3393 3179
3179 3392 3285
3177 3178 3176
3172 3183 3169
3174 3177 3183
3183 3176 3170
3181 3182 3180
3152 3187 3141
3154 3196 3187
3187 3198 3142
3185 3186 3184
3160 3191 3196
3162 3173 3191
3191 3172 3197
3189 3190 3188
3198 3195 3145
3197 3169 3195
3195 3168 3146
3193 3194 3192
3188 3199 3185
3190 3193 3199
3199 3192 3186
3197 3198 3196
3306 3203 4928
3305 3212 3203
3203 3214 4929
3201 3202 3200
3302 3207 3212
3301 3248 3207
3207 3250 3213
3205 3206 3204
3214 3211 4932
3213 3256 3211
3211 3258 4933
3209 3210 3208
3204 3215 3201
3206 3209 3215
3215 3208 3202
3213 3214 3212
3290 3219 3248
3289 3228 3219
3219 3230 3249
3217 3218 3216
3286 3223 3228
3285 3349 3223
3223 3348 3229
3221 3222 3220
3230 3227 3252
3229 3345 3227
3227 3344 3253
3225 3226 3224
3220 3231 3217
3222 3225 3231
3231 3224 3218
3229 3230 3228
3258 3235 4944
3257 3244 3235
3235 3246 4945
3233 3234 3232
3254 3239 3244
3253 3333 3239
3239 3332 3245
3237 3238 3236
3246 3243 4948
3245 3329 3243
3243 3328 4949
3241 3242 3240
3236 3247 3233
3238 3241 3247
3247 3240 3234
3245 3246 3244
3216 3251 3205
3218 3260 3251
3251 3262 3206
3249 3250 3248
3224 3255 3260
3226 3237 3255
3255 3236 3261
3253 3254 3252
3262 3259 3209
3261 3233 3259
3259 3232 3210
3257 3258 3256
3252 3263 3249
3254 3257 3263
3263 3256 3250
3261 3262 3260
3136 3267 3093
3138 3276 3267
3267 3278 3094
3265 3266 3264
3144 3271 3276
3146 3312 3271
3271 3314 3277
3269 3270 3268
3278 3275 3097
3277 3320 3275
3275 3322 3098
3273 3274 3272
3268 3279 3265
3270 3273 3279
3279 3272 3266
3277 3278 3276
3168 3283 3312
3170 3292 3283
3283 3294 3313
3281 3282 3280
3176 3287 3292
3178 3221 3287
3287 3220 3293
3285 3286 3284
3294 3291 3316
3293 3217 3291
3291 3216 3317
3289 3290 3288
3284 3295 3281
3286 3289 3295
3295 3288 3282
3293 3294 3292
3322 3299 3109
3321 3308 3299
3299 3310 3110
3297 3298 3296
3318 3303 3308
3317 3205 3303
3303 3204 3309
3301 3302 3300
3310 3307 3113
3309 3201 3307
3307 3200 3114
3305 3306 3304
3300 3311 3297
3302 3305 3311
3311 3304 3298
3309 3310 3308
3280 3315 3269
3282 3324 3315
3315 3326 3270
3313 3314 3312
3288 3319 3324
3290 3301 3319
3319 3300 3325
3317 3318 3316
3326 3323 3273
3325 3297 3323
3323 3296 3274
3321 3322 3320
3316 3327 3313
3318 3321 3327
3327 3320 3314
3325 3326 3324
3242 3331 4181
3241 3340 3331
3331 3342 4182
3329 3330 3328
3238 3335 3340
3237 3376 3335
3335 3378 3341
3333 3334 3332
3342 3339 4185
3341 3384 3339
3339 3386 4186
3337 3338 3336
3332 3343 3329
3334 3337 3343
3343 3336 3330
3341 3342 3340
3226 3347 3376
3225 3356 3347
3347 3358 3377
3345 3346 3344
3222 3351 3356
3221 3520 3351
3351 3522 3357
3349 3350 3348
3358 3355 3380
3357 3528 3355
3355 3530 3381
3353 3354 3352
3348 3359 3345
3350 3353 3359
3359 3352 3346
3357 3358 3356
3386 3363 4197
3385 3372 3363
3363 3374 4198
3361 3362 3360
3382 3367 3372
3381 3552 3367
3367 3554 3373
3365 3366 3364
3374 3371 4201
3373 3560 3371
3371 3562 4202
3369 3370 3368
3364 3375 3361
3366 3369 3375
3375 3368 3362
3373 3374 3372
3344 3379 3333
3346 3388 3379
3379 3390 3334
3377 3378 3376
3352 3383 3388
3354 3365 3383
3383 3364 3389
3381 3382 3380
3390 3387 3337
3389 3361 3387
3387 3360 3338
3385 3386 3384
3380 3391 3377
3382 3385 3391
3391 3384 3378
3389 3390 3388
3178 3395 3520
3177 3404 3395
3395 3406 3521
3393 3394 3392
3174 3399 3404
3173 3440 3399
3399 3442 3405
3397 3398 3396
3406 3403 3524
3405 3448 3403
3403 3450 3525
3401 3402 3400
3396 3407 3393
3398 3401 3407
3407 3400 3394
3405 3406 3404
3162 3411 3440
3161 3420 3411
3411 3422 3441
3409 3410 3408
3158 3415 3420
3157 3669 3415
3415 3668 3421
3413 3414 3412
3422 3419 3444
3421 3665 3419
3419 3664 3445
3417 3418 3416
3412 3423 3409
3414 3417 3423
3423 3416 3410
3421 3422 3420
3450 3427 3536
3449 3436 3427
3427 3438 3537
3425 3426 3424
3446 3431 3436
3445 3653 3431
3431 3652 3437
3429 3430 3428
3438 3435 3540
3437 3649 3435
3435 3648 3541
3433 3434 3432
3428 3439 3425
3430 3433 3439
3439 3432 3426
3437 3438 3436
3408 3443 3397
3410 3452 3443
3443 3454 3398
3441 3442 3440
3416 3447 3452
3418 3429 3447
3447 3428 3453
3445 3446 3444
3454 3451 3401
3453 3425 3451
3451 3424 3402
3449 3450 3448
3444 3455 3441
3446 3449 3455
3455 3448 3442
3453 3454 3452
3562 3459 4245
3561 3468 3459
3459 3470 4246
3457 3458 3456
3558 3463 3468
3557 3504 3463
3463 3506 3469
3461 3462 3460
3470 3467 4249
3469 3512 3467
3467 3514 4250
3465 3466 3464
3460 3471 3457
3462 3465 3471
3471 3464 3458
3469 3470 3468
3546 3475 3504
3545 3484 3475
3475 3486 3505
3473 3474 3472
3542 3479 3484
3541 3605 3479
3479 3604 3485
3477 3478 3476
3486 3483 3508
3485 3601 3483
3483 3600 3509
3481 3482 3480
3476 3487 3473
3478 3481 3487
3487 3480 3474
3485 3486 3484
3514 3491 4261
3513 3500 3491
3491 3502 4262
3489 3490 3488
3510 3495 3500
3509 3589 3495
3495 3588 3501
3493 3494 3492
3502 3499 4265
3501 3585 3499
3499 3584 4266
3497 3498 3496
3492 3503 3489
3494 3497 3503
3503 3496 3490
3501 3502 3500
3472 3507 3461
3474 3516 3507
3507 3518 3462
3505 3506 3504
3480 3511 3516
3482 3493 3511
3511 3492 3517
3509 3510 3508
3518 3515 3465
3517 3489 3515
3515 3488 3466
3513 3514 3512
3508 3519 3505
3510 3513 3519
3519 3512 3506
3517 3518 3516
3392 3523 3349
3394 3532 3523
3523 3534 3350
3521 3522 3520
3400 3527 3532
3402 3568 3527
3527 3570 3533
3525 3526 3524
3534 3531 3353
3533 3576 3531
3531 3578 3354
3529 3530 3528
3524 3535 3521
3526 3529 3535
3535 3528 3522
3533 3534 3532
3424 3539 3568
3426 3548 3539
3539 3550 3569
3537 3538 3536
3432 3543 3548
3434 3477 3543
3543 3476 3549
3541 3542 3540
3550 3547 3572
3549 3473 3547
3547 3472 3573
3545 3546 3544
3540 3551 3537
3542 3545 3551
3551 3544 3538
3549 3550 3548
3578 3555 3365
3577 3564 3555
3555 3566 3366
3553 3554 3552
3574 3559 3564
3573 3461 3559
3559 3460 3565
3557 3558 3556
3566 3563 3369
3565 3457 3563
3563 3456 3370
3561 3562 3560
3556 3567 3553
3558 3561 3567
3567 3560 3554
3565 3566 3564
3536 3571 3525
3538 3580 3571
3571 3582 3526
3569 3570 3568
3544 3575 3580
3546 3557 3575
3575 3556 3581
3573 3574 3572
3582 3579 3529
3581 3553 3579
3579 3552 3530
3577 3578 3576
3572 3583 3569
3574 3577 3583
3583 3576 3570
3581 3582 3580
3498 3587 0
3497 3596 3587
3587 3598 1
3585 3586 3584
3494 3591 3596
3493 3632 3591
3591 3634 3597
3589 3590 3588
3598 3595 4
3597 3640 3595
3595 3642 5
3593 3594 3592
3588 3599 3585
3590 3593 3599
3599 3592 3586
3597 3598 3596
3482 3603 3632
3481 3612 3603
3603 3614 3633
3601 3602 3600
3478 3607 3612
3477 3776 3607
3607 3778 3613
3605 3606 3604
3614 3611 3636
3613 3784 3611
3611 3786 3637
3609 3610 3608
3604 3615 3601
3606 3609 3615
3615 3608 3602
3613 3614 3612
3642 3619 16
3641 3628 3619
3619 3630 17
3617 3618 3616
3638 3623 3628
3637 3808 3623
3623 3810 3629
3621 3622 3620
3630 3627 20
3629 3816 3627
3627 3818 21
3625 3626 3624
3620 3631 3617
3622 3625 3631
3631 3624 3618
3629 3630 3628
3600 3635 3589
3602 3644 3635
3635 3646 3590
3633 3634 3632
3608 3639 3644
3610 3621 3639
3639 3620 3645
3637 3638 3636
3646 3643 3593
3645 3617 3643
3643 3616 3594
3641 3642 3640
3636 3647 3633
3638 3641 3647
3647 3640 3634
3645 3646 3644
3434 3651 3776
3433 3660 3651
3651 3662 3777
3649 3650 3648
3430 3655 3660
3429 3696 3655
3655 3698 3661
3653 3654 3652
3662 3659 3780
3661 3704 3659
3659 3706 3781
3657 3658 3656
3652 3663 3649
3654 3657 3663
3663 3656 3650
3661 3662 3660
3418 3667 3696
3417 3676 3667
3667 3678 3697
3665 3666 3664
3414 3671 3676
3413 3840 3671
3671 3842 3677
3669 3670 3668
3678 3675 3700
3677 3848 3675
3675 3850 3701
3673 3674 3672
3668 3679 3665
3670 3673 3679
3679 3672 3666
3677 3678 3676
3706 3683 3792
3705 3692 3683
3683 3694 3793
3681 3682 3680
3702 3687 3692
3701 3872 3687
3687 3874 3693
3685 3686 3684
3694 3691 3796
3693 3880 3691
3691 3882 3797
3689 3690 3688
3684 3695 3681
3686 3689 3695
3695 3688 3682
3693 3694 3692
3664 3699 3653
3666 3708 3699
3699 3710 3654
3697 3698 3696
3672 3703 3708
3674 3685 3703
3703 3684 3709
3701 3702 3700
3710 3707 3657
3709 3681 3707
3707 3680 3658
3705 3706 3704
3700 3711 3697
3702 3705 3711
3711 3704 3698
3709 3710 3708
3818 3715 64
3817 3724 3715
3715 3726 65
3713 3714 3712
3814 3719 3724
3813 3760 3719
3719 3762 3725
3717 3718 3716
3726 3723 68
3725 3768 3723
3723 3770 69
3721 3722 3720
3716 3727 3713
3718 3721 3727
3727 3720 3714
3725 3726 3724
3802 3731 3760
3801 3740 3731
3731 3742 3761
3729 3730 3728
3798 3735 3740
3797 3968 3735
3735 3970 3741
3733 3734 3732
3742 3739 3764
3741 3976 3739
3739 3978 3765
3737 3738 3736
3732 3743 3729
3734 3737 3743
3743 3736 3730
3741 3742 3740
3770 3747 80
3769 3756 3747
3747 3758 81
3745 3746 3744
3766 3751 3756
3765 4000 3751
3751 4002 3757
3749 3750 3748
3758 3755 84
3757 4008 3755
3755 4010 85
3753 3754 3752
3748 3759 3745
3750 3753 3759
3759 3752 3746
3757 3758 3756
3728 3763 3717
3730 3772 3763
3763 3774 3718
3761 3762 3760
3736 3767 3772
3738 3749 3767
3767 3748 3773
3765 3766 3764
3774 3771 3721
3773 3745 3771
3771 3744 3722
3769 3770 3768
3764 3775 3761
3766 3769 3775
3775 3768 3762
3773 3774 3772
3648 3779 3605
3650 3788 3779
3779 3790 3606
3777 3778 3776
3656 3783 3788
3658 3824 3783
3783 3826 3789
3781 3782 3780
3790 3787 3609
3789 3832 3787
3787 3834 3610
3785 3786 3784
3780 3791 3777
3782 3785 3791
3791 3784 3778
3789 3790 3788
3680 3795 3824
3682 3804 3795
3795 3806 3825
3793 3794 3792
3688 3799 3804
3690 3733 3799
3799 3732 3805
3797 3798 3796
3806 3803 3828
3805 3729 3803
3803 3728 3829
3801 3802 3800
3796 3807 3793
3798 3801 3807
3807 3800 3794
3805 3806 3804
3834 3811 3621
3833 3820 3811
3811 3822 3622
3809 3810 3808
3830 3815 3820
3829 3717 3815
3815 3716 3821
3813 3814 3812
3822 3819 3625
3821 3713 3819
3819 3712 3626
3817 3818 3816
3812 3823 3809
3814 3817 3823
3823 3816 3810
3821 3822 3820
3792 3827 3781
3794 3836 3827
3827 3838 3782
3825 3826 3824
3800 3831 3836
3802 3813 3831
3831 3812 3837
3829 3830 3828
3838 3835 3785
3837 3809 3835
3835 3808 3786
3833 3834 3832
3828 3839 3825
3830 3833 3839
3839 3832 3826
3837 3838 3836
2986 3843 3669
2985 3852 3843
3843 3854 3670
3841 3842 3840
2982 3847 3852
2981 3888 3847
3847 3890 3853
3845 3846 3844
3854 3851 3673
3853 3896 3851
3851 3898 3674
3849 3850 3848
3844 3855 3841
3846 3849 3855
3855 3848 3842
3853 3854 3852
2970 3859 3888
2969 3868 3859
3859 3870 3889
3857 3858 3856
2966 3863 3868
2965 4032 3863
3863 4034 3869
3861 3862 3860
3870 3867 3892
3869 4040 3867
3867 4042 3893
3865 3866 3864
3860 3871 3857
3862 3865 3871
3871 3864 3858
3869 3870 3868
3898 3875 3685
3897 3884 3875
3875 3886 3686
3873 3874 3872
3894 3879 3884
3893 4064 3879
3879 4066 3885
3877 3878 3876
3886 3883 3689
3885 4072 3883
3883 4074 3690
3881 3882 3880
3876 3887 3873
3878 3881 3887
3887 3880 3874
3885 3886 3884
3856 3891 3845
3858 3900 3891
3891 3902 3846
3889 3890 3888
3864 3895 3900
3866 3877 3895
3895 3876 3901
3893 3894 3892
3902 3899 3849
3901 3873 3899
3899 3872 3850
3897 3898 3896
3892 3903 3889
3894 3897 3903
3903 3896 3890
3901 3902 3900
2922 3907 4032
2921 3916 3907
3907 3918 4033
3905 3906 3904
2918 3911 3916
2917 3952 3911
3911 3954 3917
3909 3910 3908
3918 3915 4036
3917 3960 3915
3915 3962 4037
3913 3914 3912
3908 3919 3905
3910 3913 3919
3919 3912 3906
3917 3918 3916
2906 3923 3952
2905 3932 3923
3923 3934 3953
3921 3922 3920
2902 3927 3932
2901 1450 3927
3927 1449 3933
3925 3926 3924
3934 3931 3956
3933 1446 3931
3931 1445 3957
3929 3930 3928
3924 3935 3921
3926 3929 3935
3935 3928 3922
3933 3934 3932
3962 3939 4048
3961 3948 3939
3939 3950 4049
3937 3938 3936
3958 3943 3948
3957 1434 3943
3943 1433 3949
3941 3942 3940
3950 3947 4052
3949 1430 3947
3947 1429 4053
3945 3946 3944
3940 3951 3937
3942 3945 3951
3951 3944 3938
3949 3950 3948
3920 3955 3909
3922 3964 3955
3955 3966 3910
3953 3954 3952
3928 3959 3964
3930 3941 3959
3959 3940 3965
3957 3958 3956
3966 3963 3913
3965 3937 3963
3963 3936 3914
3961 3962 3960
3956 3967 3953
3958 3961 3967
3967 3960 3954
3965 3966 3964
4074 3971 3733
4073 3980 3971
3971 3982 3734
3969 3970 3968
4070 3975 3980
4069 4016 3975
3975 4018 3981
3973 3974 3972
3982 3979 3737
3981 4024 3979
3979 4026 3738
3977 3978 3976
3972 3983 3969
3974 3977 3983
3983 3976 3970
3981 3982 3980
4058 3987 4016
4057 3996 3987
3987 3998 4017
3985 3986 3984
4054 3991 3996
4053 1386 3991
3991 1385 3997
3989 3990 3988
3998 3995 4020
3997 1382 3995
3995 1381 4021
3993 3994 3992
3988 3999 3985
3990 3993 3999
3999 3992 3986
3997 3998 3996
4026 4003 3749
4025 4012 4003
4003 4014 3750
4001 4002 4000
4022 4007 4012
4021 1370 4007
4007 1369 4013
4005 4006 4004
4014 4011 3753
4013 1366 4011
4011 1365 3754
4009 4010 4008
4004 4015 4001
4006 4009 4015
4015 4008 4002
4013 4014 4012
3984 4019 3973
3986 4028 4019
4019 4030 3974
4017 4018 4016
3992 4023 4028
3994 4005 4023
4023 4004 4029
4021 4022 4020
4030 4027 3977
4029 4001 4027
4027 4000 3978
4025 4026 4024
4020 4031 4017
4022 4025 4031
4031 4024 4018
4029 4030 4028
3904 4035 3861
3906 4044 4035
4035 4046 3862
4033 4034 4032
3912 4039 4044
3914 4080 4039
4039 4082 4045
4037 4038 4036
4046 4043 3865
4045 4088 4043
4043 4090 3866
4041 4042 4040
4036 4047 4033
4038 4041 4047
4047 4040 4034
4045 4046 4044
3936 4051 4080
3938 4060 4051
4051 4062 4081
4049 4050 4048
3944 4055 4060
3946 3989 4055
4055 3988 4061
4053 4054 4052
4062 4059 4084
4061 3985 4059
4059 3984 4085
4057 4058 4056
4052 4063 4049
4054 4057 4063
4063 4056 4050
4061 4062 4060
4090 4067 3877
4089 4076 4067
4067 4078 3878
4065 4066 4064
4086 4071 4076
4085 3973 4071
4071 3972 4077
4069 4070 4068
4078 4075 3881
4077 3969 4075
4075 3968 3882
4073 4074 4072
4068 4079 4065
4070 4073 4079
4079 4072 4066
4077 4078 4076
4048 4083 4037
4050 4092 4083
4083 4094 4038
4081 4082 4080
4056 4087 4092
4058 4069 4087
4087 4068 4093
4085 4086 4084
4094 4091 4041
4093 4065 4091
4091 4064 4042
4089 4090 4088
4084 4095 4081
4086 4089 4095
4095 4088 4082
4093 4094 4092
4352 4099 426
4354 4108 4099
4099 4110 424
4097 4098 4096
4360 4103 4108
4362 4144 4103
4103 4146 4109
4101 4102 4100
4110 4107 418
4109 4152 4107
4107 4154 416
4105 4106 4104
4100 4111 4097
4102 4105 4111
4111 4104 4098
4109 4110 4108
4384 4115 4144
4386 4124 4115
4115 4126 4145
4113 4114 4112
4392 4119 4124
4394 4288 4119
4119 4290 4125
4117 4118 4116
4126 4123 4148
4125 4296 4123
4123 4298 4149
4121 4122 4120
4116 4127 4113
4118 4121 4127
4127 4120 4114
4125 4126 4124
4154 4131 394
4153 4140 4131
4131 4142 392
4129 4130 4128
4150 4135 4140
4149 4320 4135
4135 4322 4141
4133 4134 4132
4142 4139 386
4141 4328 4139
4139 4330 384
4137 4138 4136
4132 4143 4129
4134 4137 4143
4143 4136 4130
4141 4142 4140
4112 4147 4101
4114 4156 4147
4147 4158 4102
4145 4146 4144
4120 4151 4156
4122 4133 4151
4151 4132 4157
4149 4150 4148
4158 4155 4105
4157 4129 4155
4155 4128 4106
4153 4154 4152
4148 4159 4145
4150 4153 4159
4159 4152 4146
4157 4158 4156
4480 4163 4288
4482 4172 4163
4163 4174 4289
4161 4162 4160
4488 4167 4172
4490 4208 4167
4167 4210 4173
4165 4166 4164
4174 4171 4292
4173 4216 4171
4171 4218 4293
4169 4170 4168
4164 4175 4161
4166 4169 4175
4175 4168 4162
4173 4174 4172
4512 4179 4208
4514 4188 4179
4179 4190 4209
4177 4178 4176
4520 4183 4188
4522 3328 4183
4183 3330 4189
4181 4182 4180
4190 4187 4212
4189 3336 4187
4187 3338 4213
4185 4186 4184
4180 4191 4177
4182 4185 4191
4191 4184 4178
4189 4190 4188
4218 4195 4304
4217 4204 4195
4195 4206 4305
4193 4194 4192
4214 4199 4204
4213 3360 4199
4199 3362 4205
4197 4198 4196
4206 4203 4308
4205 3368 4203
4203 3370 4309
4201 4202 4200
4196 4207 4193
4198 4201 4207
4207 4200 4194
4205 4206 4204
4176 4211 4165
4178 4220 4211
4211 4222 4166
4209 4210 4208
4184 4215 4220
4186 4197 4215
4215 4196 4221
4213 4214 4212
4222 4219 4169
4221 4193 4219
4219 4192 4170
4217 4218 4216
4212 4223 4209
4214 4217 4223
4223 4216 4210
4221 4222 4220
4330 4227 298
4329 4236 4227
4227 4238 296
4225 4226 4224
4326 4231 4236
4325 4272 4231
4231 4274 4237
4229 4230 4228
4238 4235 290
4237 4280 4235
4235 4282 288
4233 4234 4232
4228 4239 4225
4230 4233 4239
4239 4232 4226
4237 4238 4236
4314 4243 4272
4313 4252 4243
4243 4254 4273
4241 4242 4240
4310 4247 4252
4309 3456 4247
4247 3458 4253
4245 4246 4244
4254 4251 4276
4253 3464 4251
4251 3466 4277
4249 4250 4248
4244 4255 4241
4246 4249 4255
4255 4248 4242
4253 4254 4252
4282 4259 266
4281 4268 4259
4259 4270 264
4257 4258 4256
4278 4263 4268
4277 3488 4263
4263 3490 4269
4261 4262 4260
4270 4267 258
4269 3496 4267
4267 3498 256
4265 4266 4264
4260 4271 4257
4262 4265 4271
4271 4264 4258
4269 4270 4268
4240 4275 4229
4242 4284 4275
4275 4286 4230
4273 4274 4272
4248 4279 4284
4250 4261 4279
4279 4260 4285
4277 4278 4276
4286 4283 4233
4285 4257 4283
4283 4256 4234
4281 4282 4280
4276 4287 4273
4278 4281 4287
4287 4280 4274
4285 4286 4284
4160 4291 4117
4162 4300 4291
4291 4302 4118
4289 4290 4288
4168 4295 4300
4170 4336 4295
4295 4338 4301
4293 4294 4292
4302 4299 4121
4301 4344 4299
4299 4346 4122
4297 4298 4296
4292 4303 4289
4294 4297 4303
4303 4296 4290
4301 4302 4300
4192 4307 4336
4194 4316 4307
4307 4318 4337
4305 4306 4304
4200 4311 4316
4202 4245 4311
4311 4244 4317
4309 4310 4308
4318 4315 4340
4317 4241 4315
4315 4240 4341
4313 4314 4312
4308 4319 4305
4310 4313 4319
4319 4312 4306
4317 4318 4316
4346 4323 4133
4345 4332 4323
4323 4334 4134
4321 4322 4320
4342 4327 4332
4341 4229 4327
4327 4228 4333
4325 4326 4324
4334 4331 4137
4333 4225 4331
4331 4224 4138
4329 4330 4328
4324 4335 4321
4326 4329 4335
4335 4328 4322
4333 4334 4332
4304 4339 4293
4306 4348 4339
4339 4350 4294
4337 4338 4336
4312 4343 4348
4314 4325 4343
4343 4324 4349
4341 4342 4340
4350 4347 4297
4349 4321 4347
4347 4320 4298
4345 4346 4344
4340 4351 4337
4342 4345 4351
4351 4344 4338
4349 4350 4348
4608 4355 4096
4610 4364 4355
4355 4366 4097
4353 4354 4352
4616 4359 4364
4618 4400 4359
4359 4402 4365
4357 4358 4356
4366 4363 4100
4365 4408 4363
4363 4410 4101
4361 4362 4360
4356 4367 4353
4358 4361 4367
4367 4360 4354
4365 4366 4364
4640 4371 4400
4642 4380 4371
4371 4382 4401
4369 4370 4368
4648 4375 4380
4650 4544 4375
4375 4546 4381
4373 4374 4372
4382 4379 4404
4381 4552 4379
4379 4554 4405
4377 4378 4376
4372 4383 4369
4374 4377 4383
4383 4376 4370
4381 4382 4380
4410 4387 4112
4409 4396 4387
4387 4398 4113
4385 4386 4384
4406 4391 4396
4405 4576 4391
4391 4578 4397
4389 4390 4388
4398 4395 4116
4397 4584 4395
4395 4586 4117
4393 4394 4392
4388 4399 4385
4390 4393 4399
4399 4392 4386
4397 4398 4396
4368 4403 4357
4370 4412 4403
4403 4414 4358
4401 4402 4400
4376 4407 4412
4378 4389 4407
4407 4388 4413
4405 4406 4404
4414 4411 4361
4413 4385 4411
4411 4384 4362
4409 4410 4408
4404 4415 4401
4406 4409 4415
4415 4408 4402
4413 4414 4412
4736 4419 4544
4738 4428 4419
4419 4430 4545
4417 4418 4416
4744 4423 4428
4746 4464 4423
4423 4466 4429
4421 4422 4420
4430 4427 4548
4429 4472 4427
4427 4474 4549
4425 4426 4424
4420 4431 4417
4422 4425 4431
4431 4424 4418
4429 4430 4428
4768 4435 4464
4770 4444 4435
4435 4446 4465
4433 4434 4432
4776 4439 4444
4778 5034 4439
4439 5033 4445
4437 4438 4436
4446 4443 4468
4445 5030 4443
4443 5029 4469
4441 4442 4440
4436 4447 4433
4438 4441 4447
4447 4440 4434
4445 4446 4444
4474 4451 4560
4473 4460 4451
4451 4462 4561
4449 4450 4448
4470 4455 4460
4469 5018 4455
4455 5017 4461
4453 4454 4452
4462 4459 4564
4461 5014 4459
4459 5013 4565
4457 4458 4456
4452 4463 4449
4454 4457 4463
4463 4456 4450
4461 4462 4460
4432 4467 4421
4434 4476 4467
4467 4478 4422
4465 4466 4464
4440 4471 4476
4442 4453 4471
4471 4452 4477
4469 4470 4468
4478 4475 4425
4477 4449 4475
4475 4448 4426
4473 4474 4472
4468 4479 4465
4470 4473 4479
4479 4472 4466
4477 4478 4476
4586 4483 4160
4585 4492 4483
4483 4494 4161
4481 4482 4480
4582 4487 4492
4581 4528 4487
4487 4530 4493
4485 4486 4484
4494 4491 4164
4493 4536 4491
4491 4538 4165
4489 4490 4488
4484 4495 4481
4486 4489 4495
4495 4488 4482
4493 4494 4492
4570 4499 4528
4569 4508 4499
4499 4510 4529
4497 4498 4496
4566 4503 4508
4565 4970 4503
4503 4969 4509
4501 4502 4500
4510 4507 4532
4509 4966 4507
4507 4965 4533
4505 4506 4504
4500 4511 4497
4502 4505 4511
4511 4504 4498
4509 4510 4508
4538 4515 4176
4537 4524 4515
4515 4526 4177
4513 4514 4512
4534 4519 4524
4533 4954 4519
4519 4953 4525
4517 4518 4516
4526 4523 4180
4525 4950 4523
4523 4949 4181
4521 4522 4520
4516 4527 4513
4518 4521 4527
4527 4520 4514
4525 4526 4524
4496 4531 4485
4498 4540 4531
4531 4542 4486
4529 4530 4528
4504 4535 4540
4506 4517 4535
4535 4516 4541
4533 4534 4532
4542 4539 4489
4541 4513 4539
4539 4512 4490
4537 4538 4536
4532 4543 4529
4534 4537 4543
4543 4536 4530
4541 4542 4540
4416 4547 4373
4418 4556 4547
4547 4558 4374
4545 4546 4544
4424 4551 4556
4426 4592 4551
4551 4594 4557
4549 4550 4548
4558 4555 4377
4557 4600 4555
4555 4602 4378
4553 4554 4552
4548 4559 4545
4550 4553 4559
4559 4552 4546
4557 4558 4556
4448 4563 4592
4450 4572 4563
4563 4574 4593
4561 4562 4560
4456 4567 4572
4458 4501 4567
4567 4500 4573
4565 4566 4564
4574 4571 4596
4573 4497 4571
4571 4496 4597
4569 4570 4568
4564 4575 4561
4566 4569 4575
4575 4568 4562
4573 4574 4572
4602 4579 4389
4601 4588 4579
4579 4590 4390
4577 4578 4576
4598 4583 4588
4597 4485 4583
4583 4484 4589
4581 4582 4580
4590 4587 4393
4589 4481 4587
4587 4480 4394
4585 4586 4584
4580 4591 4577
4582 4585 4591
4591 4584 4578
4589 4590 4588
4560 4595 4549
4562 4604 4595
4595 4606 4550
4593 4594 4592
4568 4599 4604
4570 4581 4599
4599 4580 4605
4597 4598 4596
4606 4603 4553
4605 4577 4603
4603 4576 4554
4601 4602 4600
4596 4607 4593
4598 4601 4607
4607 4600 4594
4605 4606 4604
512 4611 4352
514 4620 4611
4611 4622 4353
4609 4610 4608
520 4615 4620
522 4656 4615
4615 4658 4621
4613 4614 4612
4622 4619 4356
4621 4664 4619
4619 4666 4357
4617 4618 4616
4612 4623 4609
4614 4617 4623
4623 4616 4610
4621 4622 4620
544 4627 4656
546 4636 4627
4627 4638 4657
4625 4626 4624
552 4631 4636
554 4800 4631
4631 4802 4637
4629 4630 4628
4638 4635 4660
4637 4808 4635
4635 4810 4661
4633 4634 4632
4628 4639 4625
4630 4633 4639
4639 4632 4626
4637 4638 4636
4666 4643 4368
4665 4652 4643
4643 4654 4369
4641 4642 4640
4662 4647 4652
4661 4832 4647
4647 4834 4653
4645 4646 4644
4654 4651 4372
4653 4840 4651
4651 4842 4373
4649 4650 4648
4644 4655 4641
4646 4649 4655
4655 4648 4642
4653 4654 4652
4624 4659 4613
4626 4668 4659
4659 4670 4614
4657 4658 4656
4632 4663 4668
4634 4645 4663
4663 4644 4669
4661 4662 4660
4670 4667 4617
4669 4641 4667
4667 4640 4618
4665 4666 4664
4660 4671 4657
4662 4665 4671
4671 4664 4658
4669 4670 4668
640 4675 4800
642 4684 4675
4675 4686 4801
4673 4674 4672
648 4679 4684
650 4720 4679
4679 4722 4685
4677 4678 4676
4686 4683 4804
4685 4728 4683
4683 4730 4805
4681 4682 4680
4676 4687 4673
4678 4681 4687
4687 4680 4674
4685 4686 4684
672 4691 4720
674 4700 4691
4691 4702 4721
4689 4690 4688
680 4695 4700
682 2048 4695
4695 2050 4701
4693 4694 4692
4702 4699 4724
4701 2056 4699
4699 2058 4725
4697 4698 4696
4692 4703 4689
4694 4697 4703
4703 4696 4690
4701 4702 4700
4730 4707 4816
4729 4716 4707
4707 4718 4817
4705 4706 4704
4726 4711 4716
4725 2080 4711
4711 2082 4717
4709 4710 4708
4718 4715 4820
4717 2088 4715
4715 2090 4821
4713 4714 4712
4708 4719 4705
4710 4713 4719
4719 4712 4706
4717 4718 4716
4688 4723 4677
4690 4732 4723
4723 4734 4678
4721 4722 4720
4696 4727 4732
4698 4709 4727
4727 4708 4733
4725 4726 4724
4734 4731 4681
4733 4705 4731
4731 4704 4682
4729 4730 4728
4724 4735 4721
4726 4729 4735
4735 4728 4722
4733 4734 4732
4842 4739 4416
4841 4748 4739
4739 4750 4417
4737 4738 4736
4838 4743 4748
4837 4784 4743
4743 4786 4749
4741 4742 4740
4750 4747 4420
4749 4792 4747
4747 4794 4421
4745 4746 4744
4740 4751 4737
4742 4745 4751
4751 4744 4738
4749 4750 4748
4826 4755 4784
4825 4764 4755
4755 4766 4785
4753 4754 4752
4822 4759 4764
4821 2176 4759
4759 2178 4765
4757 4758 4756
4766 4763 4788
4765 2184 4763
4763 2186 4789
4761 4762 4760
4756 4767 4753
4758 4761 4767
4767 4760 4754
4765 4766 4764
4794 4771 4432
4793 4780 4771
4771 4782 4433
4769 4770 4768
4790 4775 4780
4789 2208 4775
4775 2210 4781
4773 4774 4772
4782 4779 4436
4781 2216 4779
4779 2218 4437
4777 4778 4776
4772 4783 4769
4774 4777 4783
4783 4776 4770
4781 4782 4780
4752 4787 4741
4754 4796 4787
4787 4798 4742
4785 4786 4784
4760 4791 4796
4762 4773 4791
4791 4772 4797
4789 4790 4788
4798 4795 4745
4797 4769 4795
4795 4768 4746
4793 4794 4792
4788 4799 4785
4790 4793 4799
4799 4792 4786
4797 4798 4796
4672 4803 4629
4674 4812 4803
4803 4814 4630
4801 4802 4800
4680 4807 4812
4682 4848 4807
4807 4850 4813
4805 4806 4804
4814 4811 4633
4813 4856 4811
4811 4858 4634
4809 4810 4808
4804 4815 4801
4806 4809 4815
4815 4808 4802
4813 4814 4812
4704 4819 4848
4706 4828 4819
4819 4830 4849
4817 4818 4816
4712 4823 4828
4714 4757 4823
4823 4756 4829
4821 4822 4820
4830 4827 4852
4829 4753 4827
4827 4752 4853
4825 4826 4824
4820 4831 4817
4822 4825 4831
4831 4824 4818
4829 4830 4828
4858 4835 4645
4857 4844 4835
4835 4846 4646
4833 4834 4832
4854 4839 4844
4853 4741 4839
4839 4740 4845
4837 4838 4836
4846 4843 4649
4845 4737 4843
4843 4736 4650
4841 4842 4840
4836 4847 4833
4838 4841 4847
4847 4840 4834
4845 4846 4844
4816 4851 4805
4818 4860 4851
4851 4862 4806
4849 4850 4848
4824 4855 4860
4826 4837 4855
4855 4836 4861
4853 4854 4852
4862 4859 4809
4861 4833 4859
4859 4832 4810
4857 4858 4856
4852 4863 4849
4854 4857 4863
4863 4856 4850
4861 4862 4860
3072 4867 2474
3074 4876 4867
4867 4878 2472
4865 4866 4864
3080 4871 4876
3082 4912 4871
4871 4914 4877
4869 4870 4868
4878 4875 2466
4877 4920 4875
4875 4922 2464
4873 4874 4872
4868 4879 4865
4870 4873 4879
4879 4872 4866
4877 4878 4876
3104 4883 4912
3106 4892 4883
4883 4894 4913
4881 4882 4880
3112 4887 4892
3114 5056 4887
4887 5058 4893
4885 4886 4884
4894 4891 4916
4893 5064 4891
4891 5066 4917
4889 4890 4888
4884 4895 4881
4886 4889 4895
4895 4888 4882
4893 4894 4892
4922 4899 2442
4921 4908 4899
4899 4910 2440
4897 4898 4896
4918 4903 4908
4917 5088 4903
4903 5090 4909
4901 4902 4900
4910 4907 2434
4909 5096 4907
4907 5098 2432
4905 4906 4904
4900 4911 4897
4902 4905 4911
4911 4904 4898
4909 4910 4908
4880 4915 4869
4882 4924 4915
4915 4926 4870
4913 4914 4912
4888 4919 4924
4890 4901 4919
4919 4900 4925
4917 4918 4916
4926 4923 4873
4925 4897 4923
4923 4896 4874
4921 4922 4920
4916 4927 4913
4918 4921 4927
4927 4920 4914
4925 4926 4924
3200 4931 5056
3202 4940 4931
4931 4942 5057
4929 4930 4928
3208 4935 4940
3210 4976 4935
4935 4978 4941
4933 4934 4932
4942 4939 5060
4941 4984 4939
4939 4986 5061
4937 4938 4936
4932 4943 4929
4934 4937 4943
4943 4936 4930
4941 4942 4940
3232 4947 4976
3234 4956 4947
4947 4958 4977
4945 4946 4944
3240 4951 4956
3242 4522 4951
4951 4521 4957
4949 4950 4948
4958 4955 4980
4957 4518 4955
4955 4517 4981
4953 4954 4952
4948 4959 4945
4950 4953 4959
4959 4952 4946
4957 4958 4956
4986 4963 5072
4985 4972 4963
4963 4974 5073
4961 4962 4960
4982 4967 4972
4981 4506 4967
4967 4505 4973
4965 4966 4964
4974 4971 5076
4973 4502 4971
4971 4501 5077
4969 4970 4968
4964 4975 4961
4966 4969 4975
4975 4968 4962
4973 4974 4972
4944 4979 4933
4946 4988 4979
4979 4990 4934
4977 4978 4976
4952 4983 4988
4954 4965 4983
4983 4964 4989
4981 4982 4980
4990 4987 4937
4989 4961 4987
4987 4960 4938
4985 4986 4984
4980 4991 4977
4982 4985 4991
4991 4984 4978
4989 4990 4988
5098 4995 2346
5097 5004 4995
4995 5006 2344
4993 4994 4992
5094 4999 5004
5093 5040 4999
4999 5042 5005
4997 4998 4996
5006 5003 2338
5005 5048 5003
5003 5050 2336
5001 5002 5000
4996 5007 4993
4998 5001 5007
5007 5000 4994
5005 5006 5004
5082 5011 5040
5081 5020 5011
5011 5022 5041
5009 5010 5008
5078 5015 5020
5077 4458 5015
5015 4457 5021
5013 5014 5012
5022 5019 5044
5021 4454 5019
5019 4453 5045
5017 5018 5016
5012 5023 5009
5014 5017 5023
5023 5016 5010
5021 5022 5020
5050 5027 2314
5049 5036 5027
5027 5038 2312
5025 5026 5024
5046 5031 5036
5045 4442 5031
5031 4441 5037
5029 5030 5028
5038 5035 2306
5037 4438 5035
5035 4437 2304
5033 5034 5032
5028 5039 5025
5030 5033 5039
5039 5032 5026
5037 5038 5036
5008 5043 4997
5010 5052 5043
5043 5054 4998
5041 5042 5040
5016 5047 5052
5018 5029 5047
5047 5028 5053
5045 5046 5044
5054 5051 5001
5053 5025 5051
5051 5024 5002
5049 5050 5048
5044 5055 5041
5046 5049 5055
5055 5048 5042
5053 5054 5052
4928 5059 4885
4930 5068 5059
5059 5070 4886
5057 5058 5056
4936 5063 5068
4938 5104 5063
5063 5106 5069
5061 5062 5060
5070 5067 4889
5069 5112 5067
5067 5114 4890
5065 5066 5064
5060 5071 5057
5062 5065 5071
5071 5064 5058
5069 5070 5068
4960 5075 5104
4962 5084 5075
5075 5086 5105
5073 5074 5072
4968 5079 5084
4970 5013 5079
5079 5012 5085
5077 5078 5076
5086 5083 5108
5085 5009 5083
5083 5008 5109
5081 5082 5080
5076 5087 5073
5078 5081 5087
5087 5080 5074
5085 5086 5084
5114 5091 4901
5113 5100 5091
5091 5102 4902
5089 5090 5088
5110 5095 5100
5109 4997 5095
5095 4996 5101
5093 5094 5092
5102 5099 4905
5101 4993 5099
5099 4992 4906
5097 5098 5096
5092 5103 5089
5094 5097 5103
5103 5096 5090
5101 5102 5100
5072 5107 5061
5074 5116 5107
5107 5118 5062
5105 5106 5104
5080 5111 5116
5082 5093 5111
5111 5092 5117
5109 5110 5108
5118 5115 5065
5117 5089 5115
5115 5088 5066
5113 5114 5112
5108 5119 5105
5110 5113 5119
5119 5112 5106
5117 5118 5116
