257 260 268 274 280 286 
260 280 
257 274 
280 286 
260 268 
274 286 
257 268 
280 283 
260 263 
274 275 
257 259 
286 287 
268 271 
260 261 263 280 282 283 
256 257 259 272 274 275 
280 281 283 285 286 287 
260 262 263 268 269 271 
273 274 275 284 286 287 
257 258 259 268 270 271 
282 283 
261 263 
272 275 
256 259 
281 283 
262 263 
273 275 
258 259 
261 282 
256 272 
285 287 
269 271 
284 287 
270 271 
281 285 
262 269 
273 284 
258 270 
282 309 
208 261 
272 288 
26 256 
281 282 283 309 310 311 
208 210 211 261 262 263 
272 273 275 288 290 291 
24 26 27 256 258 259 
202 208 261 282 309 
276 278 279 284 285 287 
264 265 267 269 270 271 
26 32 256 272 288 
281 310 
210 262 
273 290 
24 258 
278 285 
265 269 
276 284 
264 270 
278 281 285 310 313 317 
210 216 222 262 265 269 
273 276 284 290 296 302 
18 24 30 258 264 270 
309 311 
208 211 
288 291 
26 27 
202 309 
202 208 
32 288 
26 32 
310 311 
210 211 
290 291 
24 27 
278 279 
265 267 
276 279 
264 267 
278 313 
216 265 
276 296 
18 264 
310 317 
210 222 
290 302 
24 30 
202 203 
32 35 
313 317 
216 222 
296 302 
18 30 
277 279 
266 267 
308 311 
209 211 
289 291 
25 27 
200 202 203 308 309 311 
201 202 203 208 209 211 
32 34 35 288 289 291 
25 26 27 32 33 35 
277 278 279 313 314 315 
216 218 219 265 266 267 
276 277 279 296 298 299 
16 18 19 264 266 267 
308 310 311 316 317 319 
209 210 211 220 222 223 
289 290 291 300 302 303 
24 25 27 29 30 31 
313 315 
216 219 
296 299 
18 19 
317 319 
222 223 
302 303 
30 31 
200 203 
201 203 
34 35 
33 35 
277 314 
218 266 
277 298 
16 266 
200 308 
201 209 
34 289 
25 33 
308 316 
209 220 
289 300 
25 29 
312 313 315 317 318 319 
216 217 219 221 222 223 
296 297 299 301 302 303 
17 18 19 28 30 31 
314 315 
218 219 
298 299 
16 19 
316 319 
220 223 
300 303 
29 31 
200 201 203 205 206 207 
138 144 277 298 314 
0 16 218 224 266 
33 34 35 44 46 47 
200 206 
201 205 
34 46 
33 44 
312 315 
217 219 
297 299 
17 19 
318 319 
221 223 
301 303 
28 31 
194 200 206 305 308 316 
198 201 205 209 212 220 
34 40 46 289 292 300 
22 25 29 33 36 44 
144 314 
218 224 
138 298 
0 16 
305 316 
212 220 
292 300 
22 29 
312 318 
217 221 
297 301 
17 28 
144 146 147 312 314 315 
217 218 219 224 225 227 
136 138 139 297 298 299 
0 2 3 16 17 19 
305 306 307 316 318 319 
212 214 215 220 221 223 
292 294 295 300 301 303 
20 22 23 28 29 31 
138 144 
0 224 
206 207 
205 207 
46 47 
44 47 
194 206 
198 205 
40 46 
36 44 
194 305 
198 212 
40 292 
22 36 
146 312 
217 225 
136 297 
2 17 
306 318 
214 221 
294 301 
20 28 
144 147 
224 227 
138 139 
0 3 
305 307 
212 215 
292 295 
22 23 
146 152 158 306 312 318 
214 217 221 225 228 236 
130 136 142 294 297 301 
2 8 14 17 20 28 
146 147 
225 227 
136 139 
2 3 
306 307 
214 215 
294 295 
20 23 
137 138 139 144 145 147 
0 1 3 224 226 227 
204 207 
45 47 
194 195 
198 199 
40 43 
36 39 
193 194 195 204 206 207 
196 198 199 204 205 207 
40 41 43 45 46 47 
36 38 39 44 45 47 
192 194 195 304 305 307 
197 198 199 212 213 215 
40 42 43 292 293 295 
21 22 23 36 37 39 
146 158 
225 236 
136 142 
2 14 
152 306 
214 228 
130 294 
8 20 
145 147 
226 227 
137 139 
1 3 
304 307 
213 215 
293 295 
21 23 
145 146 147 156 158 159 
225 226 227 236 238 239 
136 137 139 141 142 143 
1 2 3 12 14 15 
152 154 155 304 306 307 
213 214 215 228 229 231 
128 130 131 293 294 295 
8 10 11 20 21 23 
152 158 
228 236 
130 142 
8 14 
137 145 
1 226 
193 204 
196 204 
41 45 
38 45 
193 195 
196 199 
41 43 
38 39 
192 195 
197 199 
42 43 
37 39 
192 304 
197 213 
42 293 
21 37 
158 159 
236 239 
142 143 
14 15 
145 156 
226 238 
137 141 
1 12 
152 155 
228 231 
130 131 
8 11 
154 304 
213 229 
128 293 
10 21 
178 184 190 193 196 204 
178 193 
184 196 
176 178 179 192 193 195 
184 186 187 196 197 199 
176 192 
186 197 
154 160 176 192 304 
186 197 213 229 240 
154 155 
229 231 
152 153 155 157 158 159 
228 230 231 236 237 239 
156 159 
238 239 
134 137 141 145 148 156 
1 4 12 226 232 238 
141 143 
12 15 
129 130 131 140 142 143 
8 9 11 13 14 15 
128 131 
10 11 
42 58 112 128 293 
10 21 37 48 64 
42 58 
37 48 
41 42 43 56 58 59 
37 38 39 48 50 51 
41 56 
38 50 
38 41 45 50 56 62 
154 160 
229 240 
112 128 
10 64 
153 155 
230 231 
129 131 
9 11 
148 156 
232 238 
134 141 
4 12 
157 159 
237 239 
140 143 
13 15 
160 176 
186 240 
58 112 
48 64 
176 179 
186 187 
58 59 
48 51 
178 179 
184 187 
56 59 
50 51 
178 190 
184 190 
56 62 
50 62 
134 148 
4 232 
153 157 
230 237 
129 140 
9 13 
153 154 155 160 161 163 
229 230 231 240 242 243 
112 114 115 128 129 131 
9 10 11 64 65 67 
148 150 151 156 157 159 
232 233 235 237 238 239 
132 134 135 140 141 143 
4 6 7 12 13 15 
160 163 
240 243 
112 115 
64 67 
148 151 
232 235 
134 135 
4 7 
153 161 
230 242 
114 129 
9 65 
150 157 
233 237 
132 140 
6 13 
160 162 163 176 177 179 
185 186 187 240 241 243 
57 58 59 112 113 115 
48 49 51 64 66 67 
177 178 179 188 190 191 
184 185 187 189 190 191 
56 57 59 61 62 63 
49 50 51 60 62 63 
177 179 
185 187 
57 59 
49 51 
190 191 
62 63 
133 134 135 148 149 151 
4 5 7 232 234 235 
161 163 
242 243 
114 115 
65 67 
150 151 
233 235 
132 135 
6 7 
150 153 157 161 164 172 
230 233 237 242 248 254 
114 120 126 129 132 140 
6 9 13 65 68 76 
162 163 
241 243 
113 115 
66 67 
149 151 
234 235 
133 135 
5 7 
161 172 
242 254 
114 126 
65 76 
150 164 
233 248 
120 132 
6 68 
162 177 
185 241 
57 113 
49 66 
177 188 
185 189 
57 61 
49 60 
188 191 
189 191 
61 63 
60 63 
133 149 
5 234 
161 162 163 172 174 175 
241 242 243 252 254 255 
113 114 115 124 126 127 
65 66 67 76 78 79 
149 150 151 164 165 167 
233 234 235 248 250 251 
120 122 123 132 133 135 
5 6 7 68 69 71 
164 172 
248 254 
120 126 
68 76 
162 174 
241 252 
113 124 
66 78 
149 165 
234 250 
122 133 
5 69 
162 168 174 177 180 188 
182 185 189 241 244 252 
54 57 61 113 116 124 
49 52 60 66 72 78 
172 175 
254 255 
126 127 
76 79 
164 167 
248 251 
120 123 
68 71 
180 188 
182 189 
54 61 
52 60 
180 182 183 188 189 191 
106 122 133 149 165 
5 69 85 234 250 
52 54 55 60 61 63 
174 175 
252 255 
124 127 
78 79 
165 167 
250 251 
122 123 
69 71 
164 166 167 172 173 175 
248 249 251 253 254 255 
120 121 123 125 126 127 
68 70 71 76 77 79 
168 174 
244 252 
116 124 
72 78 
168 180 
182 244 
54 116 
52 72 
106 165 
85 250 
106 122 
69 85 
180 183 
182 183 
54 55 
52 55 
173 175 
253 255 
125 127 
77 79 
166 167 
249 251 
121 123 
70 71 
168 169 171 173 174 175 
244 246 247 252 253 255 
116 118 119 124 125 127 
72 73 75 77 78 79 
105 106 107 165 166 167 
85 86 87 249 250 251 
104 106 107 121 122 123 
69 70 71 84 85 87 
168 170 171 180 181 183 
181 182 183 244 245 247 
53 54 55 116 117 119 
52 53 55 72 74 75 
168 171 
244 247 
116 119 
72 75 
106 107 
85 87 
166 173 
249 253 
121 125 
70 77 
181 183 
53 55 
169 173 
246 253 
118 125 
73 77 
105 166 
86 249 
104 121 
70 84 
105 107 
86 87 
104 107 
84 87 
169 171 
246 247 
118 119 
73 75 
170 181 
181 245 
53 117 
53 74 
170 171 
245 247 
117 119 
74 75 
102 105 109 166 169 173 
86 89 93 246 249 253 
98 104 110 118 121 125 
70 73 77 81 84 92 
105 109 
86 93 
104 110 
84 92 
102 169 
89 246 
98 118 
73 81 
90 101 170 181 245 
104 105 107 109 110 111 
84 86 87 92 93 95 
53 74 80 96 117 
101 102 103 169 170 171 
89 90 91 245 246 247 
96 98 99 117 118 119 
73 74 75 80 81 83 
101 170 
90 245 
96 117 
74 80 
102 109 
89 93 
98 110 
81 92 
109 111 
93 95 
110 111 
92 95 
90 101 
80 96 
102 103 
89 91 
98 99 
81 83 
101 103 
90 91 
96 99 
80 83 
100 102 103 108 109 111 
88 89 91 93 94 95 
97 98 99 108 110 111 
81 82 83 92 94 95 
88 90 91 100 101 103 
80 82 83 96 97 99 
108 111 
94 95 
100 103 
88 91 
97 99 
82 83 
100 108 
88 94 
97 108 
82 94 
88 100 
82 97 
82 88 94 97 100 108 
