0.931033881377
0.934959371919
0.934959371919
0.929251586740
0.929251586740
0.929251586740
0.929251586740
0.934959371919
0.934959371919
0.934959371919
0.934959371919
0.934959371919
0.929251586740
0.929251586740
0.934959371919
0.931033881377
0.931033881377
0.931033881377
0.931033881377
0.934959371919
0.934959371919
0.934959371919
0.934959371919
0.934959371919
0.934959371919
0.934959371919
0.934959371919
0.929251586740
0.929251586740
0.929251586740
0.929251586740
0.929251586740
0.929251586740
0.929251586740
0.929251586740
0.929251586740
0.934959371919
0.934959371919
0.929251586740
0.931033881377
0.931033881377
0.931033881377
0.931033881377
0.934959371919
0.934959371919
0.934959371919
0.934959371919
0.929251586740
0.929251586740
0.929251586740
0.929251586740
0.931033881377
0.931033881377
0.931033881377
0.931033881377
0.934959371919
0.934959371919
0.929251586740
0.929251586740
0.929251586740
0.929251586740
0.934959371919
0.934959371919
0.934959371919
0.934959371919
0.929251586740
0.929251586740
0.929251586740
0.929251586740
0.934959371919
0.934959371919
0.934959371919
0.934959371919
0.931033881377
0.934959371919
0.934959371919
0.934959371919
0.934959371919
0.929251586740
0.929251586740
0.931033881377
0.931033881377
0.929251586740
0.929251586740
0.934959371919
0.934959371919
0.934959371919
0.934959371919
0.931033881377
0.934959371919
0.934959371919
0.934959371919
0.934959371919
0.929251586740
0.929251586740
0.929251586740
0.929251586740
0.934959371919
0.934959371919
0.934959371919
0.934959371919
0.929251586740
0.929251586740
0.929251586740
0.929251586740
0.934959371919
0.934959371919
0.931033881377
0.931033881377
0.931033881377
0.931033881377
0.929251586740
0.929251586740
0.929251586740
0.929251586740
0.934959371919
0.934959371919
0.934959371919
0.934959371919
0.931033881377
0.931033881377
0.931033881377
0.931033881377
0.929251586740
0.934959371919
0.934959371919
0.929251586740
0.929251586740
0.929251586740
0.929251586740
0.929251586740
0.929251586740
0.929251586740
0.929251586740
0.929251586740
0.934959371919
0.934959371919
0.934959371919
0.934959371919
0.934959371919
0.934959371919
0.934959371919
0.934959371919
0.931033881377
0.931033881377
0.931033881377
0.931033881377
0.934959371919
0.929251586740
0.929251586740
0.934959371919
0.934959371919
0.934959371919
0.934959371919
0.934959371919
0.929251586740
0.929251586740
0.929251586740
0.929251586740
0.934959371919
0.934959371919
0.931033881377
