-1 -1.807e-19 -2.74665e-16
-0.990439 -0.137952 6.50523e-18
-0.990439 0.137952 8.18575e-16
-0.987688 -0.0819821 -0.133232
-0.987688 -0.0819821 0.133232
-0.987688 0.0819821 -0.133232
-0.987688 0.0819821 0.133232
-0.966376 -0.220176 -0.132817
-0.966376 -0.220176 0.132817
-0.966376 0.220176 -0.132817
-0.966376 0.220176 0.132817
-0.963833 -3.71201e-17 -0.266507
-0.963833 0 0.266507
-0.961898 -0.273408 2.80664e-16
-0.961898 0.273408 4.99456e-17
-0.951056 -0.162279 -0.262977
-0.951056 -0.162279 0.262977
-0.951056 0.162279 -0.262977
-0.951056 0.162279 0.262977
-0.924321 -0.35817 -0.131698
-0.924321 -0.35817 0.131698
-0.924321 0.35817 -0.131698
-0.924321 0.35817 0.131698
-0.916261 -0.301264 -0.264019
-0.916261 -0.301264 0.264019
-0.916261 0.301264 -0.264019
-0.916261 0.301264 0.264019
-0.915043 -0.403355 -9.45427e-17
-0.915043 0.403355 -4.61221e-16
-0.913011 -0.0822316 -0.399561
-0.913011 -0.0822316 0.399561
-0.913011 0.0822316 -0.399561
-0.913011 0.0822316 0.399561
-0.891006 -0.238417 -0.386348
-0.891006 -0.238417 0.386348
-0.891006 0.238417 -0.386348
-0.891006 0.238417 0.386348
-0.864929 -0.484442 -0.1312
-0.864929 -0.484442 0.1312
-0.864929 0.484442 -0.1312
-0.864929 0.484442 0.1312
-0.86268 -0.433947 -0.259757
-0.86268 -0.433947 0.259757
-0.86268 0.433947 -0.259757
-0.86268 0.433947 0.259757
-0.850651 -0.525731 8.95334e-17
-0.850763 -3.61401e-20 -0.52555
-0.850763 6.43474e-17 0.52555
-0.850651 0.525731 3.25694e-17
-0.843911 -0.375039 -0.383614
-0.843911 -0.375039 0.383614
-0.843911 0.375039 -0.383614
-0.843911 0.375039 0.383614
-0.840339 -0.156434 -0.518998
-0.840339 -0.156434 0.518998
-0.840339 0.156434 -0.518998
-0.840339 0.156434 0.518998
-0.809017 -0.309017 -0.5
-0.809017 -0.309017 0.5
-0.809017 0.309017 -0.5
-0.809017 0.309017 0.5
-0.792623 -0.571262 -0.213092
-0.792623 -0.571262 0.213092
-0.792623 0.571262 -0.213092
-0.792623 0.571262 0.213092
-0.783843 -0.615642 -0.0810863
-0.783843 -0.615642 0.0810863
-0.783843 0.615642 -0.0810863
-0.783843 0.615642 0.0810863
-0.783444 -0.516165 -0.346105
-0.783444 -0.516165 0.346105
-0.783444 0.516165 -0.346105
-0.783444 0.516165 0.346105
-0.780185 -0.0810879 -0.620271
-0.780185 -0.0810879 0.620271
-0.780185 0.0810879 -0.620271
-0.780185 0.0810879 0.620271
-0.758652 -0.237086 -0.606825
-0.758652 -0.237086 0.606825
-0.758652 0.237086 -0.606825
-0.758652 0.237086 0.606825
-0.757774 -0.45399 -0.46869
-0.757774 -0.45399 0.46869
-0.757774 0.45399 -0.46869
-0.757774 0.45399 0.46869
-0.711229 -0.70296 0
-0.711229 0.70296 -4.73043e-16
-0.707107 -0.372008 -0.60134
-0.707107 -0.372008 0.60134
-0.707107 0.372008 -0.60134
-0.707107 0.372008 0.60134
-0.70296 0 -0.711229
-0.70296 0 0.711229
-0.702356 -0.647368 -0.29599
-0.702356 -0.647368 0.29599
-0.702356 0.647368 -0.29599
-0.702356 0.647368 0.29599
-0.702141 -0.693704 -0.160539
-0.702141 -0.693704 0.160539
-0.702141 0.693704 -0.160539
-0.702141 0.693704 0.160539
-0.693704 -0.160539 -0.702141
-0.693704 -0.160539 0.702141
-0.693704 0.160539 -0.702141
-0.693704 0.160539 0.702141
-0.688079 -0.587785 -0.425506
-0.688079 -0.587785 0.425506
-0.688079 0.587785 -0.425506
-0.688079 0.587785 0.425506
-0.647368 -0.29599 -0.702356
-0.647368 -0.29599 0.702356
-0.647368 0.29599 -0.702356
-0.647368 0.29599 0.702356
-0.646503 -0.51345 -0.564272
-0.646503 -0.51345 0.564272
-0.646503 0.51345 -0.564272
-0.646503 0.51345 0.564272
-0.620271 -0.780185 -0.0810879
-0.620271 -0.780185 0.0810879
-0.620271 0.780185 -0.0810879
-0.620271 0.780185 0.0810879
-0.615642 -0.0810863 -0.783843
-0.615642 -0.0810863 0.783843
-0.615642 0.0810863 -0.783843
-0.615642 0.0810863 0.783843
-0.606825 -0.758652 -0.237086
-0.606825 -0.758652 0.237086
-0.606825 0.758652 -0.237086
-0.606825 0.758652 0.237086
-0.60134 -0.707107 -0.372008
-0.60134 -0.707107 0.372008
-0.60134 0.707107 -0.372008
-0.60134 0.707107 0.372008
-0.587785 -0.425506 -0.688079
-0.587785 -0.425506 0.688079
-0.587785 0.425506 -0.688079
-0.587785 0.425506 0.688079
-0.571262 -0.213092 -0.792623
-0.571262 -0.213092 0.792623
-0.571262 0.213092 -0.792623
-0.571262 0.213092 0.792623
-0.564272 -0.646503 -0.51345
-0.564272 -0.646503 0.51345
-0.564272 0.646503 -0.51345
-0.564272 0.646503 0.51345
-0.52555 -0.850763 -6.43474e-17
-0.525731 -5.15213e-17 -0.850651
-0.525731 1.6468e-16 0.850651
-0.52555 0.850763 -6.26272e-16
-0.518998 -0.840339 -0.156434
-0.518998 -0.840339 0.156434
-0.518998 0.840339 -0.156434
-0.518998 0.840339 0.156434
-0.516165 -0.346105 -0.783444
-0.516165 -0.346105 0.783444
-0.516165 0.346105 -0.783444
-0.516165 0.346105 0.783444
-0.51345 -0.564272 -0.646503
-0.51345 -0.564272 0.646503
-0.51345 0.564272 -0.646503
-0.51345 0.564272 0.646503
-0.5 -0.809017 -0.309017
-0.5 -0.809017 0.309017
-0.5 0.809017 -0.309017
-0.5 0.809017 0.309017
-0.484442 -0.1312 -0.864929
-0.484442 -0.1312 0.864929
-0.484442 0.1312 -0.864929
-0.484442 0.1312 0.864929
-0.46869 -0.757774 -0.45399
-0.46869 -0.757774 0.45399
-0.46869 0.757774 -0.45399
-0.46869 0.757774 0.45399
-0.45399 -0.46869 -0.757774
-0.45399 -0.46869 0.757774
-0.45399 0.46869 -0.757774
-0.45399 0.46869 0.757774
-0.433947 -0.259757 -0.86268
-0.433947 -0.259757 0.86268
-0.433947 0.259757 -0.86268
-0.433947 0.259757 0.86268
-0.425506 -0.688079 -0.587785
-0.425506 -0.688079 0.587785
-0.425506 0.688079 -0.587785
-0.425506 0.688079 0.587785
-0.403355 -4.92012e-16 -0.915043
-0.403355 2.95771e-16 0.915043
-0.399561 -0.913011 -0.0822316
-0.399561 -0.913011 0.0822316
-0.399561 0.913011 -0.0822316
-0.399561 0.913011 0.0822316
-0.386348 -0.891006 -0.238417
-0.386348 -0.891006 0.238417
-0.386348 0.891006 -0.238417
-0.386348 0.891006 0.238417
-0.383614 -0.843911 -0.375039
-0.383614 -0.843911 0.375039
-0.383614 0.843911 -0.375039
-0.383614 0.843911 0.375039
-0.375039 -0.383614 -0.843911
-0.375039 -0.383614 0.843911
-0.375039 0.383614 -0.843911
-0.375039 0.383614 0.843911
-0.372008 -0.60134 -0.707107
-0.372008 -0.60134 0.707107
-0.372008 0.60134 -0.707107
-0.372008 0.60134 0.707107
-0.35817 -0.131698 -0.924321
-0.35817 -0.131698 0.924321
-0.35817 0.131698 -0.924321
-0.35817 0.131698 0.924321
-0.346105 -0.783444 -0.516165
-0.346105 -0.783444 0.516165
-0.346105 0.783444 -0.516165
-0.346105 0.783444 0.516165
-0.309017 -0.5 -0.809017
-0.309017 -0.5 0.809017
-0.309017 0.5 -0.809017
-0.309017 0.5 0.809017
-0.301264 -0.264019 -0.916261
-0.301264 -0.264019 0.916261
-0.301264 0.264019 -0.916261
-0.301264 0.264019 0.916261
-0.29599 -0.702356 -0.647368
-0.29599 -0.702356 0.647368
-0.29599 0.702356 -0.647368
-0.29599 0.702356 0.647368
-0.273408 5.20417e-17 -0.961898
-0.273408 -2.92626e-16 0.961898
-0.266507 -0.963833 0
-0.266507 0.963833 0
-0.264019 -0.916261 -0.301264
-0.264019 -0.916261 0.301264
-0.264019 0.916261 -0.301264
-0.264019 0.916261 0.301264
-0.262977 -0.951056 -0.162279
-0.262977 -0.951056 0.162279
-0.262977 0.951056 -0.162279
-0.262977 0.951056 0.162279
-0.259757 -0.86268 -0.433947
-0.259757 -0.86268 0.433947
-0.259757 0.86268 -0.433947
-0.259757 0.86268 0.433947
-0.238417 -0.386348 -0.891006
-0.238417 -0.386348 0.891006
-0.238417 0.386348 -0.891006
-0.238417 0.386348 0.891006
-0.237086 -0.606825 -0.758652
-0.237086 -0.606825 0.758652
-0.237086 0.606825 -0.758652
-0.237086 0.606825 0.758652
-0.220176 -0.132817 -0.966376
-0.220176 -0.132817 0.966376
-0.220176 0.132817 -0.966376
-0.220176 0.132817 0.966376
-0.213092 -0.792623 -0.571262
-0.213092 -0.792623 0.571262
-0.213092 0.792623 -0.571262
-0.213092 0.792623 0.571262
-0.162279 -0.262977 -0.951056
-0.162279 -0.262977 0.951056
-0.162279 0.262977 -0.951056
-0.162279 0.262977 0.951056
-0.160539 -0.702141 -0.693704
-0.160539 -0.702141 0.693704
-0.160539 0.702141 -0.693704
-0.160539 0.702141 0.693704
-0.156434 -0.518998 -0.840339
-0.156434 -0.518998 0.840339
-0.156434 0.518998 -0.840339
-0.156434 0.518998 0.840339
-0.137952 -9.129e-17 -0.990439
-0.137952 3.51282e-17 0.990439
-0.133232 -0.987688 -0.0819821
-0.133232 -0.987688 0.0819821
-0.133232 0.987688 -0.0819821
-0.133232 0.987688 0.0819821
-0.132817 -0.966376 -0.220176
-0.132817 -0.966376 0.220176
-0.132817 0.966376 -0.220176
-0.132817 0.966376 0.220176
-0.131698 -0.924321 -0.35817
-0.131698 -0.924321 0.35817
-0.131698 0.924321 -0.35817
-0.131698 0.924321 0.35817
-0.1312 -0.864929 -0.484442
-0.1312 -0.864929 0.484442
-0.1312 0.864929 -0.484442
-0.1312 0.864929 0.484442
-0.0822316 -0.399561 -0.913011
-0.0822316 -0.399561 0.913011
-0.0822316 0.399561 -0.913011
-0.0822316 0.399561 0.913011
-0.0819821 -0.133232 -0.987688
-0.0819821 -0.133232 0.987688
-0.0819821 0.133232 -0.987688
-0.0819821 0.133232 0.987688
-0.0810879 -0.620271 -0.780185
-0.0810879 -0.620271 0.780185
-0.0810879 0.620271 -0.780185
-0.0810879 0.620271 0.780185
-0.0810863 -0.783843 -0.615642
-0.0810863 -0.783843 0.615642
-0.0810863 0.783843 -0.615642
-0.0810863 0.783843 0.615642
-1.4456e-19 -1 1.807e-19
0 -0.990439 -0.137952
-2.34188e-17 -0.990439 0.137952
-4.98733e-17 -0.961898 -0.273408
-2.99999e-16 -0.961898 0.273408
4.61221e-16 -0.915043 -0.403355
9.45427e-17 -0.915043 0.403355
0 -0.850651 -0.525731
-6.55726e-17 -0.850651 0.525731
0 -0.711229 -0.70296
0 -0.711229 0.70296
2.5748e-16 -0.52555 -0.850763
2.34911e-19 -0.52555 0.850763
0 -0.266507 -0.963833
0 -0.266507 0.963833
1.807e-19 2.74809e-16 -1
1.807e-19 -2.74737e-16 1
0 0.266507 -0.963833
0 0.266507 0.963833
-2.00306e-16 0.52555 -0.850763
2.5748e-16 0.52555 0.850763
0 0.711229 -0.70296
0 0.711229 0.70296
-9.23741e-18 0.850651 -0.525731
-5.40367e-17 0.850651 0.525731
-1.59161e-16 0.915043 -0.403355
3.3155e-16 0.915043 0.403355
9.60604e-17 0.961898 -0.273408
2.82146e-16 0.961898 0.273408
-1.42898e-16 0.990439 -0.137952
8.82543e-17 0.990439 0.137952
-1.64148e-16 1 2.65666e-16
0.0810863 -0.783843 -0.615642
0.0810863 -0.783843 0.615642
0.0810863 0.783843 -0.615642
0.0810863 0.783843 0.615642
0.0810879 -0.620271 -0.780185
0.0810879 -0.620271 0.780185
0.0810879 0.620271 -0.780185
0.0810879 0.620271 0.780185
0.0819821 -0.133232 -0.987688
0.0819821 -0.133232 0.987688
0.0819821 0.133232 -0.987688
0.0819821 0.133232 0.987688
0.0822316 -0.399561 -0.913011
0.0822316 -0.399561 0.913011
0.0822316 0.399561 -0.913011
0.0822316 0.399561 0.913011
0.1312 -0.864929 -0.484442
0.1312 -0.864929 0.484442
0.1312 0.864929 -0.484442
0.1312 0.864929 0.484442
0.131698 -0.924321 -0.35817
0.131698 -0.924321 0.35817
0.131698 0.924321 -0.35817
0.131698 0.924321 0.35817
0.132817 -0.966376 -0.220176
0.132817 -0.966376 0.220176
0.132817 0.966376 -0.220176
0.132817 0.966376 0.220176
0.133232 -0.987688 -0.0819821
0.133232 -0.987688 0.0819821
0.133232 0.987688 -0.0819821
0.133232 0.987688 0.0819821
0.137952 1.10589e-16 -0.990439
0.137952 2.92735e-17 0.990439
0.156434 -0.518998 -0.840339
0.156434 -0.518998 0.840339
0.156434 0.518998 -0.840339
0.156434 0.518998 0.840339
0.160539 -0.702141 -0.693704
0.160539 -0.702141 0.693704
0.160539 0.702141 -0.693704
0.160539 0.702141 0.693704
0.162279 -0.262977 -0.951056
0.162279 -0.262977 0.951056
0.162279 0.262977 -0.951056
0.162279 0.262977 0.951056
0.213092 -0.792623 -0.571262
0.213092 -0.792623 0.571262
0.213092 0.792623 -0.571262
0.213092 0.792623 0.571262
0.220176 -0.132817 -0.966376
0.220176 -0.132817 0.966376
0.220176 0.132817 -0.966376
0.220176 0.132817 0.966376
0.237086 -0.606825 -0.758652
0.237086 -0.606825 0.758652
0.237086 0.606825 -0.758652
0.237086 0.606825 0.758652
0.238417 -0.386348 -0.891006
0.238417 -0.386348 0.891006
0.238417 0.386348 -0.891006
0.238417 0.386348 0.891006
0.259757 -0.86268 -0.433947
0.259757 -0.86268 0.433947
0.259757 0.86268 -0.433947
0.259757 0.86268 0.433947
0.262977 -0.951056 -0.162279
0.262977 -0.951056 0.162279
0.262977 0.951056 -0.162279
0.262977 0.951056 0.162279
0.264019 -0.916261 -0.301264
0.264019 -0.916261 0.301264
0.264019 0.916261 -0.301264
0.264019 0.916261 0.301264
0.266507 -0.963833 3.71201e-17
0.266507 0.963833 -3.71201e-17
0.273408 1.40946e-17 -0.961898
0.273408 2.807e-16 0.961898
0.29599 -0.702356 -0.647368
0.29599 -0.702356 0.647368
0.29599 0.702356 -0.647368
0.29599 0.702356 0.647368
0.301264 -0.264019 -0.916261
0.301264 -0.264019 0.916261
0.301264 0.264019 -0.916261
0.301264 0.264019 0.916261
0.309017 -0.5 -0.809017
0.309017 -0.5 0.809017
0.309017 0.5 -0.809017
0.309017 0.5 0.809017
0.346105 -0.783444 -0.516165
0.346105 -0.783444 0.516165
0.346105 0.783444 -0.516165
0.346105 0.783444 0.516165
0.35817 -0.131698 -0.924321
0.35817 -0.131698 0.924321
0.35817 0.131698 -0.924321
0.35817 0.131698 0.924321
0.372008 -0.60134 -0.707107
0.372008 -0.60134 0.707107
0.372008 0.60134 -0.707107
0.372008 0.60134 0.707107
0.375039 -0.383614 -0.843911
0.375039 -0.383614 0.843911
0.375039 0.383614 -0.843911
0.375039 0.383614 0.843911
0.383614 -0.843911 -0.375039
0.383614 -0.843911 0.375039
0.383614 0.843911 -0.375039
0.383614 0.843911 0.375039
0.386348 -0.891006 -0.238417
0.386348 -0.891006 0.238417
0.386348 0.891006 -0.238417
0.386348 0.891006 0.238417
0.399561 -0.913011 -0.0822316
0.399561 -0.913011 0.0822316
0.399561 0.913011 -0.0822316
0.399561 0.913011 0.0822316
0.403355 -3.08131e-16 -0.915043
0.403355 7.0907e-17 0.915043
0.425506 -0.688079 -0.587785
0.425506 -0.688079 0.587785
0.425506 0.688079 -0.587785
0.425506 0.688079 0.587785
0.433947 -0.259757 -0.86268
0.433947 -0.259757 0.86268
0.433947 0.259757 -0.86268
0.433947 0.259757 0.86268
0.45399 -0.46869 -0.757774
0.45399 -0.46869 0.757774
0.45399 0.46869 -0.757774
0.45399 0.46869 0.757774
0.46869 -0.757774 -0.45399
0.46869 -0.757774 0.45399
0.46869 0.757774 -0.45399
0.46869 0.757774 0.45399
0.484442 -0.1312 -0.864929
0.484442 -0.1312 0.864929
0.484442 0.1312 -0.864929
0.484442 0.1312 0.864929
0.5 -0.809017 -0.309017
0.5 -0.809017 0.309017
0.5 0.809017 -0.309017
0.5 0.809017 0.309017
0.51345 -0.564272 -0.646503
0.51345 -0.564272 0.646503
0.51345 0.564272 -0.646503
0.51345 0.564272 0.646503
0.516165 -0.346105 -0.783444
0.516165 -0.346105 0.783444
0.516165 0.346105 -0.783444
0.516165 0.346105 0.783444
0.518998 -0.840339 -0.156434
0.518998 -0.840339 0.156434
0.518998 0.840339 -0.156434
0.518998 0.840339 0.156434
0.52555 -0.850763 3.61401e-20
0.525731 -4.86872e-16 -0.850651
0.525731 3.1984e-16 0.850651
0.52555 0.850763 -3.61401e-20
0.564272 -0.646503 -0.51345
0.564272 -0.646503 0.51345
0.564272 0.646503 -0.51345
0.564272 0.646503 0.51345
0.571262 -0.213092 -0.792623
0.571262 -0.213092 0.792623
0.571262 0.213092 -0.792623
0.571262 0.213092 0.792623
0.587785 -0.425506 -0.688079
0.587785 -0.425506 0.688079
0.587785 0.425506 -0.688079
0.587785 0.425506 0.688079
0.60134 -0.707107 -0.372008
0.60134 -0.707107 0.372008
0.60134 0.707107 -0.372008
0.60134 0.707107 0.372008
0.606825 -0.758652 -0.237086
0.606825 -0.758652 0.237086
0.606825 0.758652 -0.237086
0.606825 0.758652 0.237086
0.615642 -0.0810863 -0.783843
0.615642 -0.0810863 0.783843
0.615642 0.0810863 -0.783843
0.615642 0.0810863 0.783843
0.620271 -0.780185 -0.0810879
0.620271 -0.780185 0.0810879
0.620271 0.780185 -0.0810879
0.620271 0.780185 0.0810879
0.646503 -0.51345 -0.564272
0.646503 -0.51345 0.564272
0.646503 0.51345 -0.564272
0.646503 0.51345 0.564272
0.647368 -0.29599 -0.702356
0.647368 -0.29599 0.702356
0.647368 0.29599 -0.702356
0.647368 0.29599 0.702356
0.688079 -0.587785 -0.425506
0.688079 -0.587785 0.425506
0.688079 0.587785 -0.425506
0.688079 0.587785 0.425506
0.693704 -0.160539 -0.702141
0.693704 -0.160539 0.702141
0.693704 0.160539 -0.702141
0.693704 0.160539 0.702141
0.702141 -0.693704 -0.160539
0.702141 -0.693704 0.160539
0.702141 0.693704 -0.160539
0.702141 0.693704 0.160539
0.702356 -0.647368 -0.29599
0.702356 -0.647368 0.29599
0.702356 0.647368 -0.29599
0.702356 0.647368 0.29599
0.70296 0 -0.711229
0.70296 0 0.711229
0.707107 -0.372008 -0.60134
0.707107 -0.372008 0.60134
0.707107 0.372008 -0.60134
0.707107 0.372008 0.60134
0.711229 -0.70296 0
0.711229 0.70296 0
0.757774 -0.45399 -0.46869
0.757774 -0.45399 0.46869
0.757774 0.45399 -0.46869
0.757774 0.45399 0.46869
0.758652 -0.237086 -0.606825
0.758652 -0.237086 0.606825
0.758652 0.237086 -0.606825
0.758652 0.237086 0.606825
0.780185 -0.0810879 -0.620271
0.780185 -0.0810879 0.620271
0.780185 0.0810879 -0.620271
0.780185 0.0810879 0.620271
0.783444 -0.516165 -0.346105
0.783444 -0.516165 0.346105
0.783444 0.516165 -0.346105
0.783444 0.516165 0.346105
0.783843 -0.615642 -0.0810863
0.783843 -0.615642 0.0810863
0.783843 0.615642 -0.0810863
0.783843 0.615642 0.0810863
0.792623 -0.571262 -0.213092
0.792623 -0.571262 0.213092
0.792623 0.571262 -0.213092
0.792623 0.571262 0.213092
0.809017 -0.309017 -0.5
0.809017 -0.309017 0.5
0.809017 0.309017 -0.5
0.809017 0.309017 0.5
0.840339 -0.156434 -0.518998
0.840339 -0.156434 0.518998
0.840339 0.156434 -0.518998
0.840339 0.156434 0.518998
0.843911 -0.375039 -0.383614
0.843911 -0.375039 0.383614
0.843911 0.375039 -0.383614
0.843911 0.375039 0.383614
0.850651 -0.525731 7.51569e-17
0.850763 6.43474e-17 -0.52555
0.850763 -3.61401e-20 0.52555
0.850651 0.525731 -7.51786e-17
0.86268 -0.433947 -0.259757
0.86268 -0.433947 0.259757
0.86268 0.433947 -0.259757
0.86268 0.433947 0.259757
0.864929 -0.484442 -0.1312
0.864929 -0.484442 0.1312
0.864929 0.484442 -0.1312
0.864929 0.484442 0.1312
0.891006 -0.238417 -0.386348
0.891006 -0.238417 0.386348
0.891006 0.238417 -0.386348
0.891006 0.238417 0.386348
0.913011 -0.0822316 -0.399561
0.913011 -0.0822316 0.399561
0.913011 0.0822316 -0.399561
0.913011 0.0822316 0.399561
0.915043 -0.403355 9.45427e-17
0.915043 0.403355 4.61221e-16
0.916261 -0.301264 -0.264019
0.916261 -0.301264 0.264019
0.916261 0.301264 -0.264019
0.916261 0.301264 0.264019
0.924321 -0.35817 -0.131698
0.924321 -0.35817 0.131698
0.924321 0.35817 -0.131698
0.924321 0.35817 0.131698
0.951056 -0.162279 -0.262977
0.951056 -0.162279 0.262977
0.951056 0.162279 -0.262977
0.951056 0.162279 0.262977
0.961898 -0.273408 -2.807e-16
0.961898 0.273408 -4.99095e-17
0.963833 0 -0.266507
0.963833 -3.71201e-17 0.266507
0.966376 -0.220176 -0.132817
0.966376 -0.220176 0.132817
0.966376 0.220176 -0.132817
0.966376 0.220176 0.132817
0.987688 -0.0819821 -0.133232
0.987688 -0.0819821 0.133232
0.987688 0.0819821 -0.133232
0.987688 0.0819821 0.133232
0.990439 -0.137952 -6.50523e-18
0.990439 0.137952 -8.18575e-16
1 -1.807e-19 2.74665e-16
