-0.416879 0.0879193 0.9047
-0.147321 0.0889274 0.985083
-0.306124 0.345876 0.886937
-0.294295 0.176861 0.939207
0.147321 0.0889274 0.985083
0.416879 0.0879193 0.9047
0.306124 0.345876 0.886937
0.294295 0.176861 0.939207
-0.158803 0.584247 0.795888
0.158803 0.584247 0.795888
-0 0.762444 0.647055
-3.60703e-16 0.65304 0.757323
-3.92623e-17 0.178273 0.983981
0.159841 0.436901 0.885194
-0.159841 0.436901 0.885194
-3.7802e-17 0.356822 0.934172
-0.559135 0.142256 0.816781
-0.450012 0.400836 0.79801
-0.70696 0.302691 0.639207
-0.580462 0.286167 0.762346
-0.302691 0.639207 0.70696
-0.142256 0.816781 0.559135
-0.400836 0.79801 0.450012
-0.286167 0.762346 0.580462
-0.79801 0.450012 0.400836
-0.639207 0.70696 0.302691
-0.816781 0.559135 0.142256
-0.762346 0.580462 0.286167
-0.448293 0.54708 0.706921
-0.54708 0.706921 0.448293
-0.706921 0.448293 0.54708
-0.57735 0.57735 0.57735
-0.762444 0.647055 1.42399e-16
-0.584247 0.795888 0.158803
-0.584247 0.795888 -0.158803
-0.65304 0.757323 1.7626e-16
-0.345876 0.886937 0.306124
-0.0879193 0.9047 0.416879
-0.0889274 0.985083 0.147321
-0.176861 0.939207 0.294295
-0.345876 0.886937 -0.306124
-0.0889274 0.985083 -0.147321
-0.0879193 0.9047 -0.416879
-0.176861 0.939207 -0.294295
-0.436901 0.885194 0.159841
-0.178273 0.983981 -4.42372e-17
-0.436901 0.885194 -0.159841
-0.356822 0.934172 0
0.0879193 0.9047 0.416879
0.345876 0.886937 0.306124
0.0889274 0.985083 0.147321
0.176861 0.939207 0.294295
0.584247 0.795888 0.158803
0.762444 0.647055 4.01606e-16
0.584247 0.795888 -0.158803
0.65304 0.757323 0
0.0889274 0.985083 -0.147321
0.345876 0.886937 -0.306124
0.0879193 0.9047 -0.416879
0.176861 0.939207 -0.294295
0.436901 0.885194 0.159841
0.436901 0.885194 -0.159841
0.178273 0.983981 0
0.356822 0.934172 -5.21848e-16
0.142256 0.816781 0.559135
0.302691 0.639207 0.70696
0.400836 0.79801 0.450012
0.286167 0.762346 0.580462
0.450012 0.400836 0.79801
0.559135 0.142256 0.816781
0.70696 0.302691 0.639207
0.580462 0.286167 0.762346
0.639207 0.70696 0.302691
0.79801 0.450012 0.400836
0.816781 0.559135 0.142256
0.762346 0.580462 0.286167
0.448293 0.54708 0.706921
0.706921 0.448293 0.54708
0.54708 0.706921 0.448293
0.57735 0.57735 0.57735
0.9047 0.416879 0.0879193
0.886937 0.306124 0.345876
0.985083 0.147321 0.0889274
0.939207 0.294295 0.176861
0.795888 0.158803 0.584247
0.647055 4.01606e-16 0.762444
0.795888 -0.158803 0.584247
0.757323 0 0.65304
0.985083 -0.147321 0.0889274
0.886937 -0.306124 0.345876
0.9047 -0.416879 0.0879193
0.939207 -0.294295 0.176861
0.885194 0.159841 0.436901
0.885194 -0.159841 0.436901
0.983981 0 0.178273
0.934172 -5.21848e-16 0.356822
0.9047 0.416879 -0.0879193
0.985083 0.147321 -0.0889274
0.886937 0.306124 -0.345876
0.939207 0.294295 -0.176861
0.985083 -0.147321 -0.0889274
0.9047 -0.416879 -0.0879193
0.886937 -0.306124 -0.345876
0.939207 -0.294295 -0.176861
0.795888 0.158803 -0.584247
0.795888 -0.158803 -0.584247
0.647055 0 -0.762444
0.757323 1.35264e-16 -0.65304
0.983981 3.92623e-17 -0.178273
0.885194 -0.159841 -0.436901
0.885194 0.159841 -0.436901
0.934172 3.7802e-17 -0.356822
0.142256 0.816781 -0.559135
0.400836 0.79801 -0.450012
0.302691 0.639207 -0.70696
0.286167 0.762346 -0.580462
0.639207 0.70696 -0.302691
0.816781 0.559135 -0.142256
0.79801 0.450012 -0.400836
0.762346 0.580462 -0.286167
0.450012 0.400836 -0.79801
0.70696 0.302691 -0.639207
0.559135 0.142256 -0.816781
0.580462 0.286167 -0.762346
0.54708 0.706921 -0.448293
0.706921 0.448293 -0.54708
0.448293 0.54708 -0.706921
0.57735 0.57735 -0.57735
-4.74663e-17 0.762444 -0.647055
0.158803 0.584247 -0.795888
-0.158803 0.584247 -0.795888
1.7626e-16 0.65304 -0.757323
0.306124 0.345876 -0.886937
0.416879 0.0879193 -0.9047
0.147321 0.0889274 -0.985083
0.294295 0.176861 -0.939207
-0.306124 0.345876 -0.886937
-0.147321 0.0889274 -0.985083
-0.416879 0.0879193 -0.9047
-0.294295 0.176861 -0.939207
0.159841 0.436901 -0.885194
-4.42372e-17 0.178273 -0.983981
-0.159841 0.436901 -0.885194
0 0.356822 -0.934172
-0.416879 -0.0879193 -0.9047
-0.147321 -0.0889274 -0.985083
-0.306124 -0.345876 -0.886937
-0.294295 -0.176861 -0.939207
0.147321 -0.0889274 -0.985083
0.416879 -0.0879193 -0.9047
0.306124 -0.345876 -0.886937
0.294295 -0.176861 -0.939207
-0.158803 -0.584247 -0.795888
0.158803 -0.584247 -0.795888
0 -0.762444 -0.647055
-3.60703e-16 -0.65304 -0.757323
-3.92623e-17 -0.178273 -0.983981
0.159841 -0.436901 -0.885194
-0.159841 -0.436901 -0.885194
-3.7802e-17 -0.356822 -0.934172
0.142256 -0.816781 -0.559135
0.302691 -0.639207 -0.70696
0.400836 -0.79801 -0.450012
0.286167 -0.762346 -0.580462
0.450012 -0.400836 -0.79801
0.559135 -0.142256 -0.816781
0.70696 -0.302691 -0.639207
0.580462 -0.286167 -0.762346
0.639207 -0.70696 -0.302691
0.79801 -0.450012 -0.400836
0.816781 -0.559135 -0.142256
0.762346 -0.580462 -0.286167
0.448293 -0.54708 -0.706921
0.706921 -0.448293 -0.54708
0.54708 -0.706921 -0.448293
0.57735 -0.57735 -0.57735
0.0879193 -0.9047 -0.416879
0.345876 -0.886937 -0.306124
0.0889274 -0.985083 -0.147321
0.176861 -0.939207 -0.294295
0.584247 -0.795888 -0.158803
0.762444 -0.647055 -4.01606e-16
0.584247 -0.795888 0.158803
0.65304 -0.757323 0
0.0889274 -0.985083 0.147321
0.345876 -0.886937 0.306124
0.0879193 -0.9047 0.416879
0.176861 -0.939207 0.294295
0.436901 -0.885194 -0.159841
0.436901 -0.885194 0.159841
0.178273 -0.983981 0
0.356822 -0.934172 5.21848e-16
-0.0879193 -0.9047 -0.416879
-0.0889274 -0.985083 -0.147321
-0.345876 -0.886937 -0.306124
-0.176861 -0.939207 -0.294295
-0.0889274 -0.985083 0.147321
-0.0879193 -0.9047 0.416879
-0.345876 -0.886937 0.306124
-0.176861 -0.939207 0.294295
-0.584247 -0.795888 -0.158803
-0.584247 -0.795888 0.158803
-0.762444 -0.647055 0
-0.65304 -0.757323 -1.35264e-16
-0.178273 -0.983981 -3.92623e-17
-0.436901 -0.885194 0.159841
-0.436901 -0.885194 -0.159841
-0.356822 -0.934172 -3.7802e-17
-0.816781 -0.559135 0.142256
-0.639207 -0.70696 0.302691
-0.79801 -0.450012 0.400836
-0.762346 -0.580462 0.286167
-0.400836 -0.79801 0.450012
-0.142256 -0.816781 0.559135
-0.302691 -0.639207 0.70696
-0.286167 -0.762346 0.580462
-0.70696 -0.302691 0.639207
-0.450012 -0.400836 0.79801
-0.559135 -0.142256 0.816781
-0.580462 -0.286167 0.762346
-0.54708 -0.706921 0.448293
-0.448293 -0.54708 0.706921
-0.706921 -0.448293 0.54708
-0.57735 -0.57735 0.57735
-0.416879 -0.0879193 0.9047
-0.306124 -0.345876 0.886937
-0.147321 -0.0889274 0.985083
-0.294295 -0.176861 0.939207
-0.158803 -0.584247 0.795888
-1.79413e-16 -0.762444 0.647055
0.158803 -0.584247 0.795888
0 -0.65304 0.757323
0.147321 -0.0889274 0.985083
0.306124 -0.345876 0.886937
0.416879 -0.0879193 0.9047
0.294295 -0.176861 0.939207
-0.159841 -0.436901 0.885194
0.159841 -0.436901 0.885194
0 -0.178273 0.983981
-1.86374e-16 -0.356822 0.934172
0.142256 -0.816781 0.559135
0.400836 -0.79801 0.450012
0.302691 -0.639207 0.70696
0.286167 -0.762346 0.580462
0.639207 -0.70696 0.302691
0.816781 -0.559135 0.142256
0.79801 -0.450012 0.400836
0.762346 -0.580462 0.286167
0.450012 -0.400836 0.79801
0.70696 -0.302691 0.639207
0.559135 -0.142256 0.816781
0.580462 -0.286167 0.762346
0.54708 -0.706921 0.448293
0.706921 -0.448293 0.54708
0.448293 -0.54708 0.706921
0.57735 -0.57735 0.57735
-0.9047 0.416879 0.0879193
-0.985083 0.147321 0.0889274
-0.886937 0.306124 0.345876
-0.939207 0.294295 0.176861
-0.985083 -0.147321 0.0889274
-0.9047 -0.416879 0.0879193
-0.886937 -0.306124 0.345876
-0.939207 -0.294295 0.176861
-0.795888 0.158803 0.584247
-0.795888 -0.158803 0.584247
-0.647055 0 0.762444
-0.757323 1.35264e-16 0.65304
-0.983981 3.92623e-17 0.178273
-0.885194 -0.159841 0.436901
-0.885194 0.159841 0.436901
-0.934172 3.7802e-17 0.356822
-0.9047 0.416879 -0.0879193
-0.886937 0.306124 -0.345876
-0.985083 0.147321 -0.0889274
-0.939207 0.294295 -0.176861
-0.795888 0.158803 -0.584247
-0.647055 4.01606e-16 -0.762444
-0.795888 -0.158803 -0.584247
-0.757323 -0 -0.65304
-0.985083 -0.147321 -0.0889274
-0.886937 -0.306124 -0.345876
-0.9047 -0.416879 -0.0879193
-0.939207 -0.294295 -0.176861
-0.885194 0.159841 -0.436901
-0.885194 -0.159841 -0.436901
-0.983981 -0 -0.178273
-0.934172 -5.21848e-16 -0.356822
-0.816781 0.559135 -0.142256
-0.639207 0.70696 -0.302691
-0.79801 0.450012 -0.400836
-0.762346 0.580462 -0.286167
-0.400836 0.79801 -0.450012
-0.142256 0.816781 -0.559135
-0.302691 0.639207 -0.70696
-0.286167 0.762346 -0.580462
-0.70696 0.302691 -0.639207
-0.450012 0.400836 -0.79801
-0.559135 0.142256 -0.816781
-0.580462 0.286167 -0.762346
-0.54708 0.706921 -0.448293
-0.448293 0.54708 -0.706921
-0.706921 0.448293 -0.54708
-0.57735 0.57735 -0.57735
-0.142256 -0.816781 -0.559135
-0.400836 -0.79801 -0.450012
-0.302691 -0.639207 -0.70696
-0.286167 -0.762346 -0.580462
-0.639207 -0.70696 -0.302691
-0.816781 -0.559135 -0.142256
-0.79801 -0.450012 -0.400836
-0.762346 -0.580462 -0.286167
-0.450012 -0.400836 -0.79801
-0.70696 -0.302691 -0.639207
-0.559135 -0.142256 -0.816781
-0.580462 -0.286167 -0.762346
-0.54708 -0.706921 -0.448293
-0.706921 -0.448293 -0.54708
-0.448293 -0.54708 -0.706921
-0.57735 -0.57735 -0.57735
